1131
94	0.764366666666667	50.9645627692762	0.96456276927622	255	1	40
129	0.873516666666667	50.96457757599	0.964577575989978	298	1	46
112	0.823183333333333	50.9646072007417	0.964607200741689	208	1	37
162	0.970833333333333	50.9648426966846	0.964842696684563	279	1	78
130	0.87485	50.9684778370474	0.968477837047409	296	1	48
131	0.876183333333333	52.9612859884446	0.961285988444587	60	1	0
113	0.824516666666667	52.9614072888479	0.96140728884788	148	1	42
1034	19.5614333333333	57.9760039972871	0.97600399728708	722	1	0
1092	19.7744166666667	57.9760813789004	0.976081378900432	2153	1	42
1049	19.6336	57.9764132335876	0.976413233587586	1041	1	0
232	1.12333333333333	58.8379126806654	0.837912680665447	11397	1	78
259	1.24198333333333	58.8383042271792	0.838304227179158	14241	1	87
248	1.18333333333333	58.8386597015328	0.838659701532777	14624	1	85
1015	17.6495666666667	58.8460297363914	0.846029736391436	17566	1	90
457	4.90041666666667	58.8496552905268	0.84965529052679	16411	1	91
969	11.9047833333333	58.8509060633147	0.850906063314689	18328	1	88
353	1.72346666666667	59.0145364253431	0.0145364253431453	2539	1	60
260	1.24465	59.0147165229737	0.0147165229736643	16387	1	87
461	5.54203333333333	59.020944638131	0.0209446381309775	17239	1	90
449	4.5151	59.3017310064034	0.301731006403443	11441	1	89
1027	19.1404666666667	59.387683126094	0.387683126093982	5186	1	84
1003	16.4029833333333	59.4219401691019	0.421940169101944	771	1	63
1028	19.2612833333333	59.4637772748797	0.463777274879696	276	1	32
981	13.5611666666667	59.4984903391706	0.498490339170573	269	1	13
970	11.9842666666667	59.5057238676406	0.50572386764059	273	1	33
972	12.4967333333333	59.5418692807376	0.541869280737593	257	1	22
499	7.25258333333333	59.5532199524198	0.553219952419845	427	1	33
952	10.4057166666667	59.5816064691171	0.581606469117141	351	1	32
945	9.68293333333333	59.5952613630383	0.595261363038304	458	1	31
468	6.07166666666667	59.5987275102586	0.598727510258563	542	1	44
998	15.1642333333333	59.6390459939075	0.639045993907473	514	1	50
940	9.45311666666667	59.6517475155522	0.651747515552245	534	1	50
992	14.7019333333333	59.6625127352934	0.662512735293404	502	1	48
955	10.6795333333333	59.6667501609833	0.666750160983327	504	1	48
463	5.73218333333333	59.6685412759675	0.668541275967542	518	1	27
961	11.1461666666667	59.708039166997	0.708039166996961	592	1	43
973	12.75505	59.7092925617557	0.709292561755682	592	1	49
977	13.0960333333333	59.7689048073861	0.768904807386072	595	1	55
1013	17.4235833333333	59.7713647323709	0.771364732370884	658	1	56
31	0.291883333333333	59.8067382149247	0.806738214924678	13740	1	52
984	13.83915	59.8183480874245	0.818348087424496	627	1	46
957	10.93535	59.8197271351427	0.819727135142699	762	1	57
976	12.9775333333333	59.8415817098785	0.841581709878533	708	1	45
878	9.00098333333333	59.8469733513786	0.84697335137863	624	1	47
470	6.133	59.8546896064417	0.85468960644166	866	1	27
1024	18.7491666666667	59.9187664227575	0.918766422757464	689	1	50
429	3.81348333333333	59.9729202372506	0.972920237250591	824	1	47
397	3.06103333333333	59.9852381566945	0.985238156694479	566	1	41
413	3.51433333333333	59.9854787680556	0.985478768055565	609	1	42
431	3.88481666666667	59.9855290016925	0.985529001692534	686	1	48
392	2.88888333333333	59.9857997553608	0.985799755360802	316	1	17
171	0.990833333333333	59.9858860226705	0.985886022670471	1426	1	0
404	3.27185	59.9858948100169	0.985894810016909	581	1	35
384	2.29558333333333	59.9859258799211	0.985925879921076	328	1	31
408	3.38901666666667	59.9859889210668	0.985988921066841	633	1	41
1131	19.9564166666667	59.9860528221062	0.986052822106195	7236	1	67
354	1.7248	59.9860913841933	0.986091384193294	502	1	0
32	0.295883333333333	59.9864582306481	0.986458230648054	4544	1	68
433	4.25911666666667	59.9866007490809	0.986600749080885	583	1	16
34	0.407383333333333	60.009616374455	0.00961637445495711	8139	1	62
18	0.137733333333333	60.0169218299353	0.0169218299353417	5128	1	30
35	0.412716666666667	60.0170898263758	0.0170898263757948	14750	1	64
203	1.06433333333333	60.0170954548455	0.0170954548454532	348	1	0
233	1.12466666666667	60.0177125362922	0.0177125362921515	611	1	29
261	1.24731666666667	60.0177242838528	0.0177242838528002	683	1	24
983	13.7238166666667	60.0261969034507	0.0261969034506535	651	1	61
950	10.1557333333333	60.7069982119041	0.706998211904128	418	1	26
965	11.6223	60.7091194819437	0.709119481943716	483	1	13
462	5.64353333333333	60.7177745173332	0.717774517333211	139	1	4
33	0.299883333333333	60.991749205635	0.991749205635038	556	1	70
172	0.992166666666667	60.9922261883654	0.992226188365407	172	1	0
702	8.1667	60.9940352398303	0.994035239830275	217	1	0
234	1.126	61.0180129671343	0.0180129671342684	114	1	0
249	1.18733333333333	61.0185683676621	0.0185683676621053	92	1	0
262	1.24998333333333	61.0187513999532	0.0187513999531532	106	1	19
1011	17.35875	61.0225904643571	0.0225904643571226	369	1	23
460	5.4727	61.0244463439286	0.0244463439285809	132	1	8
860	8.76781666666667	61.9888390086348	0.98883900863477	31610	1	96
685	8.10803333333333	61.9888602484669	0.988860248466942	18552	1	95
148	0.932183333333333	61.9888647280381	0.988864728038067	67817	1	96
297	1.47613333333333	61.9888866857863	0.988886685786269	60573	1	96
720	8.24001666666667	61.9889633846166	0.988963384616632	25424	1	94
1094	19.78525	61.9890885205123	0.989088520512311	341024	1	97
1040	19.6042666666667	61.9891275757518	0.989127575751752	150510	1	96
324	1.5913	61.9891298611928	0.989129861192829	84517	1	97
1063	19.6781	61.9892073222959	0.989207322295918	257903	1	97
332	1.65846666666667	61.9892147358786	0.98921473587864	99947	1	96
959	11.0681666666667	61.9956431423403	0.995643142340299	40921	1	96
953	10.5530333333333	61.9968242531867	0.996824253186674	41313	1	97
349	1.71013333333333	63.99282531386	0.992825313859974	870	1	68
132	0.877516666666667	66.9596540944783	0.959654094478253	7344	1	89
149	0.933516666666667	66.9597143877917	0.95971438779172	6686	1	91
114	0.82585	66.9597192599821	0.95971925998208	7730	1	90
95	0.7657	66.9597966631555	0.959796663155529	2178	1	78
133	0.87885	66.9649095102397	0.964909510239693	7181	1	87
115	0.827183333333333	66.9663532879575	0.96635328795746	7964	1	91
116	0.82985	68.9568151030097	0.956815103009703	2704	1	87
96	0.767033333333333	68.95687741718	0.956877417179953	1173	1	56
150	0.93485	68.956888732559	0.956888732558966	3206	1	74
134	0.880183333333333	68.9568888839957	0.956888883995717	3065	1	80
151	0.936183333333333	68.9611974627015	0.961197462701506	2474	1	76
117	0.832516666666667	68.9623900358155	0.962390035815531	2344	1	87
979	13.2455166666667	75.0085799351527	0.00857993515269584	42	1	16
989	14.5049333333333	75.0088708542956	0.0088708542955942	48	1	20
1071	19.6942666666667	75.9622275808017	0.962227580801652	109	1	13
1041	19.6056	75.9624319048445	0.962431904844465	45	1	0
421	3.62833333333333	76.9694949118766	0.969494911876637	709	1	83
448	4.50043333333333	76.9701890098133	0.970189009813311	3807	1	92
1042	19.6069333333333	76.9704477899983	0.970447789998289	22403	1	92
427	3.68731666666667	76.9705383515422	0.970538351542217	1137	1	86
721	8.24135	76.9706203211875	0.970620321187539	3416	1	86
454	4.5576	76.9706470234073	0.970647023407338	2827	1	88
678	8.0932	76.9707281562791	0.970728156279066	1483	1	74
1030	19.5222666666667	77.9694560190596	0.969456019059578	525	1	74
1095	19.7865833333333	78.9188482877375	0.918848287737518	10193	1	57
83	0.736016666666667	78.9190698580714	0.919069858071381	22884	1	17
932	9.29561666666667	78.9191305833905	0.91913058339054	1818	1	66
219	1.09366666666667	78.9192238524569	0.919223852456923	810340	1	1
187	1.03483333333333	78.9194595765184	0.919459576518392	3056117	1	3
242	1.15266666666667	78.9194873170499	0.919487317049885	534054	1	0
818	8.47585	78.9585058868408	0.958505886840811	1251	1	43
752	8.32835	78.9594368965865	0.95943689658651	1218	1	8
886	9.04381666666667	79.957818034424	0.957818034424022	13	1	0
1096	19.7879166666667	79.9580037462371	0.958003746237139	335	1	0
271	1.35965	80.6738422126702	0.673842212670152	2271278	1	4
188	1.03616666666667	80.6743238992801	0.674323899280111	2999315	1	4
325	1.60596666666667	80.8120876931315	0.812087693131502	3498004	1	19
498	7.18975	80.9156330575761	0.915633057576144	959	1	0
430	3.84748333333333	80.9162709205479	0.916270920547902	1297	1	5
1060	19.6646	80.9167949931759	0.916794993175927	7588	1	33
84	0.740016666666667	80.9169624990569	0.916962499056851	27000	1	38
220	1.095	80.917149182115	0.917149182114997	869746	1	4
1112	19.8445833333333	80.9171535266457	0.917153526645691	9878	1	27
252	1.21265	80.9172465144638	0.917246514463798	499875	1	2
286	1.41748333333333	80.9173203773051	0.917320377305131	3213780	1	4
243	1.154	80.9173885490124	0.917388549012387	575477	1	2
189	1.0375	80.9174513587449	0.917451358744927	3239493	1	3
311	1.5348	81.3451409922239	0.345140992223946	72091	1	6
312	1.53613333333333	81.4931425154357	0.493142515435665	401	1	0
298	1.47746666666667	81.7619089081037	0.761908908103749	418	1	0
313	1.53746666666667	81.9137568721623	0.913756872162281	56	1	0
140	0.917516666666667	82.704314352393	0.704314352393013	4863988	1	98
104	0.808516666666667	82.704454650927	0.704454650927005	4547714	1	97
121	0.85885	82.7046947020555	0.704694702055519	4943611	1	98
141	0.91885	82.7144922707633	0.714492270763259	4743279	1	98
105	0.80985	82.7175417320384	0.717541732038384	4731227	1	98
163	0.976166666666667	82.7179900946041	0.717990094604076	4538622	1	98
299	1.4788	82.8632311460137	0.863231146013717	122740	1	95
69	0.6767	82.9542110322436	0.954211032243592	296	1	28
43	0.6092	82.95439455601	0.954394556009973	254	1	8
388	2.48923333333333	82.9546270111071	0.954627011107092	4222	1	89
122	0.860183333333333	82.9547460625631	0.954746062563117	5117230	1	98
106	0.811183333333333	82.95483057692	0.954830576920017	4497309	1	98
142	0.920183333333333	82.9549148710363	0.954914871036308	5051400	1	98
164	0.9775	83.7426649954678	0.742664995467806	7200	1	74
165	0.978833333333333	83.8487470461916	0.84874704619159	6329	1	73
143	0.921516666666667	83.9576104737905	0.957610473790524	9301	1	78
123	0.861516666666667	83.9578063361824	0.957806336182358	8844	1	77
166	0.980166666666667	83.9758120613722	0.975812061372153	6390	1	70
167	0.9815	84.5470530778938	0.547053077893821	1855866	1	97
107	0.812516666666667	84.6959403151944	0.695940315194449	2205465	1	97
124	0.86285	84.6960517728072	0.696051772807152	2050333	1	97
144	0.92285	84.6963091741593	0.696309174159325	2010361	1	97
145	0.924183333333333	84.7048549598852	0.704854959885239	2105869	1	97
108	0.81385	84.9403042067611	0.94030420676107	2100554	1	97
86	0.749516666666667	84.9512856359607	0.95128563596073	9471	1	82
125	0.864183333333333	84.9517903416387	0.951790341638741	2375442	1	97
109	0.815183333333333	84.9519102856727	0.951910285672724	2110314	1	97
146	0.925516666666667	84.9519344003844	0.951934400384388	2157932	1	97
168	0.982833333333333	85.9441893210096	0.944189321009617	3680	1	64
126	0.865516666666667	85.9545594754649	0.954559475464862	2944	1	64
514	7.5209	86.0069209943222	0.0069209943221864	644	1	0
958	10.9823333333333	86.0123104048097	0.0123104048097389	766	1	24
508	7.4644	86.0127136208712	0.012713620871196	389	1	22
169	0.984166666666667	86.1025462238725	0.10254622387248	2522	1	57
110	0.816516666666667	86.9551260068999	0.955126006899917	13258	1	85
147	0.926833333333333	86.9552173300441	0.95521733004415	12714	1	85
715	8.22536666666667	87.0038287929103	0.00382879291034044	1502	1	0
670	8.07836666666667	87.0039800341498	0.00398003414981929	804	1	0
851	8.74116666666667	87.004009390836	0.00400939083600349	2578	1	17
350	1.71278333333333	87.0041981981197	0.00419819811968125	1526	1	37
275	1.37448333333333	87.0046316480271	0.00463164802711447	431	1	29
475	6.26215	87.0094981410828	0.00949814108281544	953	1	0
988	14.2036333333333	87.0141421289297	0.0141421289297341	4149	1	18
287	1.41881666666667	94.9125138395846	0.912513839584605	6479	1	82
300	1.48013333333333	94.9128566836603	0.912856683660252	9291	1	85
87	0.75085	94.9142972833246	0.914297283324601	69294	1	94
88	0.752183333333333	94.9663322867544	0.966332286754366	73122	1	93
72	0.6942	94.9668474747765	0.966847474776543	37682	1	95
709	8.1827	94.9802814793412	0.98028147934123	10037	1	91
1097	19.78925	94.9807410597519	0.980741059751892	97810	1	95
1064	19.6794333333333	94.9807428947112	0.980742894711199	103914	1	95
442	4.46178333333333	94.9807445881449	0.98074458814493	11724	1	90
1043	19.6082666666667	94.9808603886158	0.980860388615753	82347	1	95
725	8.25603333333333	94.9809296891999	0.980929689199854	11735	1	93
89	0.753516666666667	96.9121595553086	0.912159555308605	69590	1	92
90	0.75485	96.946923373346	0.946923373345996	80020	1	93
1065	19.6807666666667	96.9604457674917	0.960445767491677	45850	1	92
894	9.05846666666667	96.960983659694	0.960983659694037	23564	1	91
382	2.16493333333333	96.9689312802615	0.968931280261529	14646	1	94
466	6.02316666666667	97.9304379255238	0.930437925523847	118	1	19
272	1.36231666666667	97.9310514890412	0.931051489041195	438	1	69
948	9.88625	98.9491150033768	0.949115003376775	1507	1	75
51	0.624033333333333	98.9495503759763	0.949550375976287	163151	1	94
1018	18.0257	98.949922700985	0.949922700985013	1531	1	75
662	8.06353333333333	99.0063930206907	0.00639302069066616	3870	1	83
373	1.79461666666667	99.9260620240433	0.926062024043276	2130	1	85
1083	19.7407666666667	99.9260628983	0.926062898300017	1882	1	65
1044	19.6096	99.9260747013867	0.92607470138671	1093	1	42
525	7.6089	99.9260893698774	0.926089369877403	423	1	54
1066	19.6821	99.9261584577965	0.926158457796518	1339	1	55
355	1.72613333333333	99.9263238597138	0.926323859713776	2087	1	56
853	8.75181666666667	99.9263340625252	0.9263340625252	144	1	0
517	7.55023333333333	99.9264244258094	0.926424425809444	337	1	61
10	0.112733333333333	99.9268460599172	0.92684605991721	2875	1	66
693	8.12403333333333	99.929719373251	0.929719373251004	468	1	47
1012	17.3960833333333	100.925076715086	0.925076715086107	466	1	68
996	15.0600666666667	100.925572809865	0.925572809864661	436	1	63
938	9.41728333333333	100.926038174243	0.926038174242919	409	1	52
854	8.75315	100.92607852551	0.926078525509965	355	1	30
1031	19.5369333333333	100.926084743184	0.926084743183893	376	1	45
526	7.61423333333333	100.926151621285	0.926151621284845	433	1	56
1102	19.8000833333333	100.926155623293	0.926155623292573	1167	1	35
356	1.72746666666667	100.926996137556	0.926996137555747	2228	1	61
985	13.9284833333333	100.927034474015	0.927034474015315	597	1	48
333	1.6598	100.927445074573	0.927445074573384	1663	1	56
52	0.625366666666667	100.945077140934	0.945077140933748	54856	1	92
357	1.7288	101.925422641297	0.925422641296734	292	1	11
11	0.114066666666667	101.925842798884	0.925842798883735	522	1	22
44	0.610533333333333	105.989291787435	0.989291787434667	1732	1	75
61	0.660533333333333	105.989596369195	0.989596369195183	2914	1	85
76	0.71985	105.989695958897	0.989695958897386	1105	1	68
156	0.94685	107.04932527209	0.0493252720902433	26	1	0
341	1.69096666666667	110.908923756452	0.908923756452339	1227	1	46
326	1.6153	112.907133482278	0.907133482278283	1396	1	78
305	1.49213333333333	112.907522814136	0.907522814135504	1079	1	67
127	0.86685	113.925214149526	0.925214149526184	3989	1	85
157	0.948183333333333	113.925742778371	0.92574277837106	4333	1	87
111	0.81785	113.926559619034	0.926559619034407	5522	1	86
1103	19.8014166666667	114.934056268402	0.934056268401761	8812	1	88
374	1.80928333333333	114.934287055035	0.934287055034758	10339	1	93
361	1.74128333333333	114.934350720355	0.9343507203549	9229	1	87
967	11.8236166666667	115.075823434462	0.0758234344623787	940	1	80
1026	19.0709666666667	115.076581639541	0.0765816395407484	598	1	69
956	10.7525166666667	115.077164353476	0.0771643534759932	1095	1	85
982	13.6441666666667	115.919262761789	0.91926276178873	277	1	75
537	7.72421666666667	115.920606091538	0.920606091537735	2093	1	90
128	0.868183333333333	115.920684440088	0.920684440088138	106854	1	96
91	0.756183333333333	115.920894198626	0.920894198625703	26709	1	94
549	7.81271666666667	115.921353015938	0.921353015937953	2189	1	86
412	3.48966666666667	115.927084411834	0.9270844118344	1522	1	86
432	4.02246666666667	115.930246216141	0.930246216140802	5377	1	94
301	1.48146666666667	116.92872593671	0.928725936710165	59579	1	94
521	7.5849	116.928746035219	0.928746035218822	28184	1	95
1084	19.7421	116.9288291842	0.92882918420004	162586	1	96
1067	19.6834333333333	116.928868228051	0.928868228051357	153484	1	96
866	8.82165	116.928907222756	0.928907222756436	15375	1	93
362	1.74261666666667	116.928947323499	0.928947323498733	196696	1	96
320	1.56863333333333	116.928962103651	0.928962103651244	69885	1	95
861	8.77181666666667	116.928966713306	0.928966713306394	14300	1	94
529	7.64456666666667	116.929012738595	0.929012738594608	29473	1	95
510	7.4969	116.929093679696	0.929093679696308	19993	1	95
12	0.1154	116.929740247972	0.929740247971594	337083	1	97
710	8.1867	117.928298822691	0.928298822690508	2136	1	86
1010	17.3150833333333	117.928752105787	0.9287521057866	1522	1	87
1104	19.80275	117.928924979199	0.928924979199138	22138	1	93
1068	19.6847666666667	117.928929358331	0.928929358330734	16384	1	91
1045	19.6109333333333	117.928977245033	0.928977245033252	11586	1	90
273	1.36498333333333	117.929036601313	0.929036601313456	2239	1	83
1032	19.5494333333333	117.929425494831	0.92942549483115	5036	1	91
13	0.116733333333333	117.929710725775	0.929710725775266	42081	1	93
939	9.43845	117.932951622332	0.932951622331998	2076	1	90
1020	18.0777	118.925451368908	0.925451368907872	7567	1	89
328	1.6273	118.925522367615	0.92552236761496	3665	1	84
964	11.4491333333333	118.92631273795	0.926312737950013	7010	1	87
1046	19.6122666666667	118.927870929405	0.927870929404534	16376	1	85
363	1.74528333333333	118.927967070305	0.927967070305186	8601	1	87
339	1.6803	118.928624471281	0.928624471281353	5943	1	89
14	0.118066666666667	118.928692325794	0.928692325794302	18896	1	86
383	2.25141666666667	118.935018940663	0.93501894066344	4438	1	89
440	4.45111666666667	119.016612971653	0.016612971653359	4082	1	83
671	8.0797	119.017110202076	0.0171102020763954	3407	1	61
1047	19.6136	119.017508082296	0.0175080822963594	15747	1	83
1004	16.4628166666667	119.025070240742	0.0250702407422381	6353	1	87
57	0.6402	121.029966483324	0.0299664833242446	3907	1	70
997	15.0747333333333	126.903599325523	0.903599325522876	1086	1	17
867	8.82565	126.904393642926	0.904393642926095	2852	1	47
291	1.44146666666667	126.904501763431	0.904501763431128	62178	1	94
276	1.37715	126.904504259357	0.904504259357296	24925	1	91
351	1.71545	126.904533326779	0.904533326779372	207780	1	95
314	1.5388	126.904620014105	0.904620014105362	122531	1	94
334	1.66113333333333	126.904645450752	0.90464545075244	168576	1	94
263	1.30865	126.904814854984	0.904814854983769	6413	1	79
855	8.75448333333333	126.904879977396	0.904879977395936	2620	1	40
686	8.10936666666667	126.904920997695	0.904920997695385	22291	1	91
92	0.757516666666667	126.905042141866	0.905042141865891	178280	1	6
552	7.82738333333333	126.905100374076	0.905100374076227	23813	1	57
566	7.88521666666667	127.001600424198	0.0016004241976475	33532	1	93
614	7.97438333333333	127.001740288946	0.00174028894591061	24779	1	95
646	8.0337	127.001869930711	0.00186993071140762	31411	1	95
479	6.40731666666667	128.035509280429	0.0355092804290109	165	1	30
434	4.36045	128.035968625172	0.0359686251715914	346	1	14
277	1.37981666666667	128.901832457575	0.901832457575068	17522	1	92
315	1.54013333333333	128.901973772741	0.901973772740803	91085	1	94
335	1.66246666666667	128.902188149495	0.902188149494805	121490	1	94
85	0.744016666666667	130.944065997378	0.944065997377663	13527	1	91
376	1.83378333333333	132.901061524691	0.901061524690761	10991	1	87
366	1.75596666666667	132.922870750591	0.922870750591443	9277	1	82
419	3.61366666666667	134.048522725046	0.0485227250462117	3393	1	75
845	8.66416666666667	134.894258144491	0.89425814449072	2790	1	80
527	7.62356666666667	134.894733318629	0.894733318629392	25428	1	94
329	1.6313	134.894760314404	0.894760314404067	36090	1	94
505	7.42658333333333	134.894812557279	0.894812557278783	5860	1	87
342	1.6923	134.894846715534	0.894846715534214	73876	1	93
539	7.73621666666667	134.894905683522	0.894905683521984	54887	1	94
519	7.5649	134.894906728389	0.894906728388634	18335	1	92
716	8.22668333333333	134.895047226314	0.895047226313579	4704	1	74
863	8.79698333333333	134.895117097136	0.89511709713571	5958	1	87
731	8.28401666666667	134.895199828835	0.895199828835189	3202	1	72
511	7.50358333333333	134.895256123354	0.895256123353761	12305	1	91
321	1.5713	134.895291684172	0.895291684172207	23986	1	92
703	8.16803333333333	134.895419555586	0.895419555585732	2867	1	62
377	1.83645	134.8956068879	0.895606887899874	153980	1	95
256	1.22733333333333	134.987042673288	0.987042673288016	900	1	60
53	0.6267	135.045109864597	0.0451098645969239	6762	1	69
512	7.50758333333333	135.89481129969	0.894811299690161	1611	1	78
540	7.73888333333333	135.895110195889	0.89511019588943	6841	1	89
343	1.69363333333333	135.895322390042	0.895322390042338	8524	1	85
520	7.57023333333333	135.895378284949	0.895378284948663	2283	1	84
322	1.57396666666667	135.89559972783	0.895599727829847	2757	1	82
152	0.937516666666667	136.890593210703	0.890593210702718	1688	1	50
506	7.43191666666667	136.890606740438	0.890606740438187	3183	1	77
176	1.00683333333333	136.891086236846	0.891086236846007	1840	1	65
288	1.42148333333333	136.891776713698	0.89177671369788	4995	1	82
308	1.50946666666667	136.891791431206	0.891791431206087	9358	1	89
533	7.67706666666667	136.891896399647	0.891896399646896	15263	1	91
1	0.0797333333333333	136.891912522128	0.891912522127853	4113	1	59
541	7.74155	136.892020314601	0.892020314601496	23446	1	91
367	1.7573	136.892366458063	0.892366458063066	41523	1	90
852	8.7465	136.892426491587	0.892426491586747	3125	1	77
378	1.83911666666667	136.892452873187	0.89245287318704	57386	1	93
513	7.51158333333333	136.892588228389	0.892588228389428	5961	1	83
19	0.139066666666667	136.93595889537	0.935958895369566	5456	1	67
1075	19.7077666666667	136.936810712657	0.936810712656921	9129	1	79
1050	19.6349333333333	136.936983678361	0.936983678361202	9270	1	78
368	1.75996666666667	137.89241233648	0.892412336479737	5581	1	79
495	6.85311666666667	138.88818671623	0.888186716230223	1439	1	62
97	0.768366666666667	138.915422052916	0.915422052916142	17658	1	90
74	0.709016666666667	140.912891149359	0.912891149359496	15894	1	92
98	0.769683333333333	140.913086858061	0.91308685806132	14410	1	89
558	7.87021666666667	141.017526977143	0.0175269771431203	174751	1	96
590	7.92988333333333	141.017590194275	0.0175901942747032	518371	1	97
622	7.9892	141.017624402266	0.0176244022663923	445561	1	97
654	8.04853333333333	141.017762979258	0.0177629792581229	269279	1	97
655	8.04986666666667	142.020702207612	0.0207022076123167	14806	1	92
257	1.23133333333333	143.108153216366	0.108153216365736	480	1	69
1001	15.8221833333333	143.112663440002	0.112663440002223	132	1	14
713	8.21468333333333	146.965668059768	0.965668059767864	3780	1	89
954	10.5677	152.03395351822	0.033953518220244	397	1	27
980	13.4066833333333	152.034849176979	0.0348491769787813	364	1	31
975	12.9272166666667	152.034863262745	0.0348632627452901	306	1	35
406	3.32251666666667	152.035806440862	0.035806440862018	583	1	44
344	1.69496666666667	153.868509638565	0.868509638565286	2575	1	69
379	1.84178333333333	153.869484113817	0.869484113816668	4324	1	82
869	8.83631666666667	154.94658614798	0.946586147980213	1367	1	77
849	8.71715	154.947149526028	0.947149526027886	1618	1	81
1109	19.8189166666667	154.947268175782	0.947268175781858	7913	1	88
1051	19.6362666666667	154.947335264352	0.947335264352461	6898	1	77
679	8.09453333333333	154.94765567646	0.947655676460442	2432	1	67
1076	19.7091	154.947976270504	0.947976270503858	8730	1	81
1033	19.5547666666667	154.948062620492	0.948062620491839	3382	1	82
345	1.6963	155.866107540177	0.866107540177495	1503	1	62
371	1.77461666666667	155.866199249048	0.866199249048378	2374	1	83
501	7.30458333333333	156.990794923155	0.990794923155192	6602	1	91
503	7.36708333333333	156.992403746796	0.992403746795787	12341	1	93
173	0.994833333333333	156.996044654383	0.99604465438324	5595	1	85
153	0.938833333333333	156.996926828428	0.996926828427547	11634	1	88
135	0.88285	157.123161168549	0.123161168549302	145	1	12
1014	17.6187333333333	157.124268413657	0.124268413656637	540	1	46
387	2.47123333333333	157.1243125146	0.124312514599779	1051	1	64
465	5.94116666666667	157.131675480533	0.131675480532778	452	1	44
323	1.57663333333333	158.939958013382	0.939958013381869	30396	1	94
391	2.61206666666667	158.947453043864	0.947453043863817	13894	1	92
522	7.59156666666667	159.891354960561	0.891354960560676	606	1	34
712	8.20535	159.891899178631	0.89189917863078	455	1	41
534	7.6824	159.892152431692	0.892152431692352	776	1	57
870	8.84031666666667	159.892166535307	0.892166535306984	696	1	49
993	14.79125	159.901151567237	0.901151567237207	329	1	39
195	1.04966666666667	160.842907559074	0.842907559073808	60556	1	94
267	1.33798333333333	160.843040931887	0.843040931886691	36243	1	94
247	1.17665	160.843219073316	0.843219073316106	19468	1	94
226	1.1085	160.843462209836	0.843462209836218	20584	1	90
396	3.02986666666667	162.839007074897	0.839007074896529	1543	1	63
279	1.38781666666667	162.841622828905	0.841622828904804	31053	1	93
196	1.051	162.841734755049	0.841734755049458	37709	1	94
876	8.97315	162.893859092153	0.893859092153406	2047	1	72
136	0.889516666666667	171.012276012242	0.0122760122421539	13146	1	90
158	0.949516666666667	171.012608136164	0.0126081361644026	134368	1	94
177	1.01083333333333	171.012674438918	0.0126744389181113	41051	1	93
204	1.06566666666667	171.012835228513	0.0128352285126994	9099	1	83
159	0.95085	171.020907618788	0.0209076187880441	111246	1	94
960	11.0828333333333	171.100692530211	0.100692530210637	284	1	12
244	1.15666666666667	171.13848310298	0.138483102979535	3008	1	75
160	0.953516666666667	172.015976190856	0.0159761908557527	11044	1	87
411	3.465	172.841548149057	0.841548149057445	872	1	41
380	1.85645	172.841713121144	0.841713121144181	1013	1	64
1085	19.7434333333333	172.957806701909	0.957806701908652	22316	1	88
1061	19.6686	172.957815525369	0.957815525368886	22565	1	92
1038	19.5934333333333	172.958231899992	0.958231899991688	12123	1	91
161	0.956183333333333	173.007014112424	0.00701411242411609	5737	1	80
369	1.76261666666667	174.839296739224	0.839296739223954	2279	1	62
469	6.09266666666667	174.889026406112	0.889026406111981	5781	1	78
471	6.14233333333333	174.889183767761	0.889183767760812	7296	1	80
536	7.71171666666667	174.889911727731	0.889911727730606	15526	1	87
487	6.5208	174.889995776481	0.889995776480902	110992	1	93
550	7.81671666666667	174.890235678442	0.890235678442195	217705	1	94
482	6.4578	174.890419548427	0.890419548426678	76779	1	93
211	1.079	175.87194948591	0.871949485909909	13533	1	93
212	1.08033333333333	176.848957158535	0.848957158535086	10828	1	85
240	1.142	176.849648883212	0.849648883212325	8512	1	90
179	1.02018333333333	176.849711599855	0.849711599854714	9522	1	86
251	1.20598333333333	176.850645136515	0.850645136514771	7364	1	89
507	7.44658333333333	176.894782888265	0.894782888265297	998	1	56
515	7.52623333333333	176.895172262479	0.89517226247861	1594	1	71
846	8.6695	176.895387482678	0.895387482678331	1292	1	66
717	8.22935	176.895425550915	0.895425550914695	2625	1	71
523	7.59556666666667	176.895517566889	0.895517566889197	2068	1	72
856	8.75581666666667	176.895636841779	0.895636841778582	1930	1	63
697	8.1467	176.895770596196	0.895770596196428	3025	1	80
530	7.6499	176.896076456383	0.896076456383128	2360	1	74
464	5.78851666666667	176.903864019351	0.903864019351175	1763	1	69
264	1.31131666666667	177.868936431802	0.868936431802382	14247	1	93
1009	17.2392666666667	177.896830786361	0.896830786361278	643	1	50
879	9.00498333333333	177.897563688453	0.897563688453062	529	1	47
420	3.619	178.844950851369	0.844950851369362	4058	1	77
895	9.0598	178.885227708705	0.885227708705372	1363	1	43
280	1.38915	179.865217233549	0.865217233549316	30113	1	92
292	1.45081666666667	179.865402757927	0.865402757926574	27400	1	94
265	1.31398333333333	179.866956013546	0.866956013546286	20095	1	91
941	9.48076666666667	180.842230573903	0.842230573903464	1870	1	63
542	7.74421666666667	180.842622778682	0.842622778682426	7556	1	83
841	8.6105	180.988521961971	0.988521961970775	585	1	30
190	1.03883333333333	181.842091519055	0.842091519054804	28418	1	90
221	1.09633333333333	181.842254348889	0.842254348889156	23429	1	88
253	1.21531666666667	181.842353881599	0.842353881598711	17299	1	90
245	1.15933333333333	181.84282050189	0.842820501890031	16904	1	90
222	1.09766666666667	182.824670305696	0.824670305696117	17453	1	83
254	1.21798333333333	182.826265109644	0.8262651096436	13770	1	86
246	1.162	182.827312157777	0.827312157777214	13651	1	85
255	1.22065	182.839131435528	0.839131435527662	12672	1	87
223	1.099	182.840287384345	0.840287384345487	18058	1	82
101	0.783183333333333	182.879238434785	0.879238434784639	63175	1	95
137	0.893516666666667	182.879775044821	0.879775044820946	101407	1	95
170	0.9855	182.87986362959	0.879863629590233	109088	1	94
118	0.839183333333333	182.880056097871	0.880056097870664	94758	1	95
428	3.70198333333333	183.003554225323	0.00355422532337002	1833	1	62
687	8.1107	183.004746387582	0.00474638758194601	2601	1	40
20	0.1404	183.006014611985	0.00601461198547781	2854	1	48
268	1.34481666666667	184.82293531255	0.822935312550442	8169	1	86
138	0.897516666666667	184.875191719797	0.87519171979676	38222	1	94
119	0.843183333333333	184.877319958611	0.877319958610542	40631	1	94
37	0.544366666666667	185.060435410166	0.0604354101659794	4248	1	79
947	9.82941666666667	185.112396728253	0.112396728252747	542	1	26
1016	17.7642333333333	185.112562454332	0.112562454331652	672	1	43
718	8.23201666666667	186.103788234991	0.103788234990759	296	1	28
437	4.42711666666667	187.098743326773	0.0987433267732172	719	1	43
103	0.803183333333333	188.894606508507	0.894606508507138	8074	1	92
704	8.16936666666667	188.939752866871	0.939752866870805	3831	1	80
680	8.09586666666667	188.940476551898	0.940476551897518	2464	1	68
494	6.6103	190.883687720828	0.883687720827908	3496	1	83
551	7.82071666666667	190.883760771207	0.883760771206994	6215	1	85
826	8.49185	191.021568481635	0.0215684816346595	1309	1	40
962	11.2418166666667	191.029641507779	0.0296415077786776	3571	1	78
1000	15.77835	192.910461969802	0.910461969802128	3688	1	78
531	7.65923333333333	192.911729442275	0.911729442275146	3421	1	80
864	8.80631666666667	192.913170588575	0.9131705885749	3260	1	79
370	1.76528333333333	194.905429563983	0.905429563982864	6722	1	78
688	8.11203333333333	194.905696278559	0.905696278559134	15147	1	85
865	8.81165	194.906065054011	0.906065054010867	58595	1	95
872	8.86231666666667	194.906088890005	0.906088890004725	60809	1	94
848	8.70233333333333	194.90609213191	0.906092131909588	35594	1	94
719	8.23468333333333	194.906100625071	0.906100625071076	30350	1	92
2	0.0810666666666667	194.906178166585	0.906178166585164	7938	1	69
857	8.75715	194.906264455978	0.906264455977549	55138	1	93
930	9.26478333333333	194.906368170631	0.906368170631282	56683	1	94
516	7.5409	194.906437952274	0.906437952273876	43990	1	94
934	9.31561666666667	194.906478412958	0.906478412957853	68939	1	94
509	7.47908333333333	194.906680020905	0.906680020904531	26185	1	93
705	8.1707	194.906680544694	0.906680544694296	21987	1	89
269	1.34881666666667	194.90679169016	0.906791690159821	6394	1	85
732	8.28535	194.906798326605	0.9067983266049	34170	1	90
858	8.75848333333333	195.906557788644	0.906557788643909	8989	1	78
994	14.9165833333333	195.918106369545	0.918106369544631	16155	1	91
946	9.79841666666667	195.919459955599	0.919459955598882	18004	1	91
385	2.38258333333333	196.842938214253	0.842938214253451	2020	1	55
58	0.642866666666667	196.864114772641	0.864114772641472	10571	1	67
524	7.59956666666667	196.903240518626	0.903240518625523	7109	1	76
532	7.66456666666667	196.905902199065	0.905902199064997	7447	1	77
990	14.52945	196.982976929701	0.982976929701181	12162	1	84
1052	19.6376	196.994230786612	0.994230786611865	10642	1	61
1002	16.1111666666667	196.995122086875	0.995122086875284	6274	1	78
1023	18.5535	197.00222742261	0.00222742260970676	8870	1	81
394	2.96105	197.810291443974	0.81029144397354	1595	1	65
336	1.6638	197.819193372208	0.819193372207508	2765	1	56
73	0.699533333333333	198.861249746243	0.861249746242919	3485	1	52
59	0.645533333333333	198.861646414258	0.861646414257621	5217	1	56
496	6.86778333333333	199.169370196656	0.169370196655905	625	1	33
450	4.52176666666667	199.171178751885	0.171178751884526	1131	1	47
235	1.12733333333333	199.171575798328	0.171575798327893	568	1	10
423	3.65483333333333	199.85106518747	0.851065187470056	6793	1	86
473	6.17516666666667	199.851735460738	0.851735460738382	700	1	50
60	0.6482	200.856941044552	0.856941044551547	2945	1	45
77	0.721183333333333	202.896737279401	0.896737279400554	5110	1	64
582	7.91505	209.004372604513	0.00437260451323596	21596	1	92
638	8.01888333333333	209.005858261133	0.00585826113294274	22717	1	91
698	8.15336666666667	211.958199749037	0.958199749037419	4294	1	70
93	0.75885	213.056366607689	0.0563666076892275	10989	1	49
39	0.574033333333333	213.057235388697	0.0572353886967107	4346	1	58
1120	19.8594166666667	213.186380009497	0.18638000949673	1235	1	14
681	8.0972	213.955256926456	0.955256926455803	4579	1	51
699	8.15603333333333	213.95609887347	0.956098873469955	4179	1	74
330	1.6353	216.852300577289	0.852300577289412	4407	1	79
424	3.6615	216.853934234322	0.85393423432177	24400	1	91
26	0.1539	216.854189989441	0.854189989440556	14254	1	88
415	3.58633333333333	216.85454457303	0.854544573029614	21132	1	92
386	2.40058333333333	216.854639870024	0.854639870024442	3293	1	79
390	2.57756666666667	216.854831435895	0.854831435895449	3578	1	81
3	0.0824	216.854964341909	0.854964341909493	15708	1	85
364	1.74795	216.855087197614	0.855087197613557	8744	1	86
375	1.82395	216.855235001872	0.855235001871932	10065	1	88
459	5.07473333333333	217.852424959427	0.852424959426855	3399	1	82
27	0.156566666666667	217.852876399801	0.85287639980055	4065	1	76
1019	18.0403666666667	218.164388655674	0.16438865567406	198	1	6
174	0.9975	218.164594879315	0.164594879315274	2754	1	65
236	1.12866666666667	219.175923607612	0.175923607611736	20317	1	41
974	12.91255	220.165114417164	0.165114417163522	3314	1	41
258	1.23533333333333	220.178767094554	0.178767094553677	4152	1	43
1029	19.3852833333333	220.193433465045	0.193433465045047	5374	1	52
591	7.93121666666667	223.020393123521	0.0203931235205062	388095	1	97
559	7.87155	223.020703560427	0.0207035604273642	91792	1	95
623	7.99053333333333	223.020826071582	0.0208260715817232	323866	1	96
656	8.0512	223.020957498386	0.0209574983856555	136275	1	95
949	9.93341666666667	223.026862510629	0.0268625106285754	750	1	19
1022	18.39285	225.158588314732	0.158588314732185	879	1	33
1035	19.5654333333333	225.159316321105	0.159316321104939	1933	1	36
227	1.10983333333333	225.159657640242	0.159657640241932	2447	1	28
28	0.159233333333333	225.183823946038	0.183823946038331	5211	1	62
407	3.32785	225.184082554576	0.184082554576008	619	1	16
1053	19.6389333333333	225.185101397369	0.185101397368783	2919	1	33
1113	19.8459166666667	225.185204306094	0.185204306094164	2812	1	29
4	0.0837333333333333	225.185565273279	0.185565273278769	5923	1	59
441	4.45643333333333	225.185623402247	0.185623402246677	1355	1	38
120	0.847183333333333	226.829600107004	0.829600107004012	20526	1	92
102	0.788516666666667	226.830148563665	0.830148563665404	17103	1	91
372	1.77995	226.8304192016	0.830419201600165	6546	1	86
414	3.539	226.830692342395	0.830692342394713	2270	1	68
497	6.89845	226.844720047786	0.844720047786012	16429	1	92
1098	19.7905833333333	227.201861124876	0.20186112487562	2348	1	6
1072	19.6969333333333	227.201926954136	0.201926954136127	2256	1	6
352	1.71811666666667	227.202257865157	0.202257865157009	2509	1	66
197	1.05233333333333	227.202445334878	0.202445334877922	1735	1	0
722	8.24401666666667	227.202465342366	0.202465342366196	436	1	4
1114	19.84725	228.205978687628	0.205978687627521	616	1	0
694	8.1267	228.932498751825	0.932498751825108	2245	1	74
1115	19.8485833333333	232.925012767499	0.925012767498941	9907	1	72
682	8.09853333333333	232.96505220573	0.965052205729933	5075	1	60
205	1.067	233.154442335717	0.154442335717107	1355	1	6
999	15.5692	233.154705550052	0.154705550051972	4893	1	78
358	1.73013333333333	233.1548180564	0.154818056399904	2121	1	30
237	1.13	233.155195722196	0.155195722195799	1494	1	0
416	3.593	234.820410991769	0.820410991768995	11043	1	81
1006	16.7437833333333	234.913752682985	0.913752682985148	3013	1	62
966	11.78945	235.169464043099	0.16946404309877	3285	1	62
417	3.597	235.819940517897	0.819940517896526	2951	1	64
302	1.4828	236.755628304202	0.755628304201736	7746	1	88
474	6.23148333333333	236.816821125728	0.816821125727614	4078	1	72
425	3.6655	236.816892470317	0.816892470316731	5403	1	77
418	3.601	236.817830368343	0.817830368343152	5164	1	75
502	7.33208333333333	236.862516119347	0.862516119346537	2868	1	72
944	9.65843333333333	236.867980613126	0.867980613125667	10298	1	84
871	8.84431666666667	236.952439201485	0.952439201485191	9524	1	82
289	1.42415	238.753124772911	0.753124772910638	21001	1	89
316	1.54146666666667	238.753238401553	0.753238401552579	23743	1	89
191	1.04016666666667	238.753968092351	0.753968092351414	31783	1	90
274	1.36765	238.754390587713	0.75439058771326	13541	1	85
986	14.0441333333333	238.868684731343	0.868684731343251	2672	1	57
933	9.30095	238.869721148469	0.86972114846867	4272	1	67
389	2.54973333333333	238.914499778781	0.914499778780936	5145	1	79
451	4.52576666666667	239.199890361321	0.199890361320939	2662	1	55
880	9.00898333333333	239.872919350324	0.872919350323542	2160	1	66
303	1.48413333333333	240.751251803306	0.751251803306417	26665	1	92
290	1.4268	240.751582806366	0.751582806366258	19664	1	91
192	1.0415	240.752570188518	0.752570188518291	27865	1	90
139	0.912183333333333	241.211024901205	0.211024901204837	452	1	10
714	8.22001666666667	241.216690176334	0.216690176334083	610	1	13
1121	19.86075	241.217336476671	0.217336476670795	5177	1	11
443	4.46311666666667	241.217359037723	0.217359037722815	1579	1	0
1099	19.7919166666667	241.217459213312	0.217459213311969	4331	1	5
1073	19.6996	241.217749977993	0.217749977993236	3569	1	14
346	1.69763333333333	241.21777108199	0.217771081990207	1386	1	13
5	0.0850666666666667	241.217926431078	0.217926431078098	7782	1	13
99	0.771016666666667	242.789614825232	0.789614825232263	2422	1	48
193	1.04283333333333	243.765873852926	0.765873852926092	6166	1	74
556	7.85938333333333	246.98120868545	0.981208685449928	4815	1	85
647	8.03503333333333	246.982191129158	0.982191129157769	10338	1	90
942	9.49561666666667	253.024045773607	0.0240457736070709	3364	1	70
154	0.940166666666667	253.216446539763	0.21644653976341	448	1	0
1086	19.7447666666667	253.217294537259	0.217294537259249	6002	1	12
683	8.09986666666667	253.217553649262	0.217553649262101	807	1	9
1116	19.8499166666667	253.21783530201	0.21783530201003	8278	1	14
1069	19.6861	253.217882234127	0.217882234127245	3660	1	8
700	8.1587	253.217914724809	0.217914724809191	663	1	2
198	1.05366666666667	253.218366143807	0.218366143807117	2537	1	12
347	1.69896666666667	253.218473165572	0.218473165571794	1405	1	11
405	3.31301666666667	253.23067707491	0.230677074910346	2157	1	56
1117	19.85125	254.221287547172	0.221287547171727	1897	1	3
15	0.1194	254.222153729838	0.222153729838027	2514	1	5
30	0.230716666666667	254.242622632497	0.242622632496591	2260	1	17
348	1.7003	255.232752389582	0.232752389581577	3849	1	4
1087	19.7461	255.233147908489	0.233147908488831	15631	1	10
438	4.43645	255.233270165559	0.23327016555919	7676	1	27
1118	19.8525833333333	255.233525806926	0.233525806926281	21846	1	8
199	1.055	255.233694413349	0.233694413349298	7887	1	7
200	1.05633333333333	256.236075541278	0.236075541277785	1748	1	0
439	4.44178333333333	256.237170574619	0.237170574618688	1739	1	25
951	10.3132166666667	256.237453820404	0.237453820404426	790	1	16
16	0.120733333333333	256.237789113805	0.237789113805206	6900	1	34
1129	19.93625	256.256785515233	0.256785515232764	4906	1	37
426	3.6695	256.844114214438	0.844114214438093	5973	1	80
1048	19.6282666666667	257.239873551178	0.239873551177652	1829	1	35
1008	16.95695	258.92048353212	0.920483532119704	1456	1	43
968	11.8771166666667	258.921695082557	0.921695082557335	1357	1	40
583	7.91638333333333	263.01285498062	0.0128549806197498	56214	1	94
648	8.03636666666667	263.013389529152	0.0133895291523345	55393	1	93
294	1.4628	265.145671395049	0.145671395048964	3806	1	77
1039	19.5987666666667	265.148125338811	0.14812533881053	6281	1	83
1077	19.7117666666667	265.148674618389	0.148674618389407	10444	1	84
455	4.5616	265.14900200403	0.14900200402991	1642	1	58
9	0.107233333333333	266.151168805793	0.151168805792793	2484	1	70
444	4.46576666666667	267.232512571625	0.23251257162525	1633	1	8
270	1.35281666666667	267.232973598949	0.232973598948774	972	1	33
1130	19.9415833333333	267.250519094733	0.25051909473342	4519	1	41
54	0.628033333333333	267.820455412548	0.820455412547972	3561	1	38
978	13.1560333333333	269.246330656909	0.24633065690881	936	1	17
1100	19.79325	269.248399321815	0.24839932181527	5384	1	0
194	1.04416666666667	269.248453728012	0.248453728012066	3195	1	6
1119	19.8539166666667	269.248784749078	0.248784749077913	6686	1	0
340	1.68561666666667	269.248948630146	0.248948630146401	1128	1	16
1074	19.7022666666667	269.261143254722	0.261143254721901	4074	1	1
155	0.9415	270.936262950953	0.936262950953449	8157	1	71
689	8.11336666666667	270.941765924275	0.941765924274989	5021	1	77
544	7.77138333333333	272.820848424767	0.82084842476695	16703	1	88
553	7.83138333333333	272.821813048854	0.821813048853585	8204	1	84
518	7.55556666666667	272.88287940519	0.882879405189897	5371	1	82
736	8.29868333333333	272.88295913941	0.88295913940965	5237	1	74
535	7.69705	272.883032734959	0.883032734958647	7501	1	84
874	8.89498333333333	272.883074297977	0.88307429797743	9986	1	87
528	7.6289	272.883159996406	0.883159996405595	6794	1	83
931	9.28611666666667	272.883400574946	0.883400574945995	8861	1	84
723	8.24668333333333	272.883493837648	0.883493837647677	6230	1	78
850	8.73181666666667	272.885089345115	0.885089345115091	6943	1	82
476	6.31531666666667	274.814720701335	0.814720701335318	22105	1	92
480	6.42848333333333	274.814817776668	0.814817776668292	73211	1	95
478	6.37665	274.814887821683	0.814887821682646	43068	1	94
489	6.5418	274.815044646357	0.81504464635691	130161	1	96
483	6.47363333333333	274.815336758244	0.815336758243632	100636	1	95
284	1.40665	274.82230999498	0.822309994980458	11635	1	90
213	1.08166666666667	274.822372139612	0.822372139612412	11929	1	81
484	6.47896666666667	275.815404178849	0.815404178849008	11612	1	92
545	7.77671666666667	275.816338199954	0.816338199954316	15455	1	91
306	1.49613333333333	276.818833727495	0.818833727495019	8619	1	88
467	6.057	276.819592301874	0.81959230187374	885	1	25
21	0.141733333333333	277.219738576833	0.219738576833322	1460	1	13
875	8.94231666666667	279.231335323205	0.231335323204917	1177	1	30
1088	19.7474166666667	279.232662171124	0.232662171124161	2791	1	6
422	3.63366666666667	279.233376737548	0.233376737548099	1818	1	29
1122	19.8634166666667	279.233664413299	0.233664413298641	3648	1	18
55	0.6307	279.918048731161	0.91804873116115	6250	1	67
22	0.143066666666667	280.237487459251	0.237487459251383	1128	1	15
1123	19.8660833333333	281.24829598168	0.248295981680144	15407	1	10
1089	19.74875	281.24840819355	0.248408193549608	11442	1	6
1062	19.6726	281.248729317948	0.248729317948346	7336	1	9
1105	19.8040833333333	281.248767614592	0.248767614591827	11614	1	8
445	4.46843333333333	281.249001278341	0.249001278341211	4873	1	11
359	1.73146666666667	281.249124365175	0.249124365175078	2219	1	0
6	0.0864	281.249127085486	0.24912708548618	17487	1	11
395	2.97586666666667	282.249973769037	0.249973769036671	781	1	24
180	1.02151666666667	282.25527886429	0.255278864289664	1531	1	12
706	8.17203333333333	283.263190967697	0.263190967697483	897	1	0
963	11.2984833333333	283.263592786476	0.263592786476011	1502	1	9
181	1.02285	283.263807557984	0.26380755798408	5051	1	6
690	8.1147	283.264275609642	0.264275609642311	1260	1	0
1090	19.7500833333333	283.264288836071	0.264288836071216	8287	1	0
360	1.7328	283.265236456024	0.265236456024184	1576	1	0
991	14.6384333333333	283.2672785001	0.267278500100304	1523	1	14
1025	18.77015	283.283267379842	0.283267379842471	1733	1	8
472	6.14766666666667	284.265887441211	0.265887441211078	510	1	10
29	0.1619	284.267251191438	0.267251191437765	2721	1	2
436	4.41245	284.268324570268	0.268324570267623	1009	1	8
456	4.5656	284.268331272344	0.268331272344199	1069	1	10
987	14.0588	284.921644439835	0.921644439835347	2867	1	67
228	1.11116666666667	285.182685939853	0.182685939852661	3842	1	73
295	1.4668	286.739599012232	0.739599012232418	15532	1	91
278	1.38248333333333	286.739640318619	0.739640318619252	5632	1	83
182	1.02418333333333	286.739833330357	0.739833330357101	22523	1	89
319	1.5588	288.737545248792	0.737545248792287	8288	1	91
38	0.5592	289.086936470298	0.086936470298383	6508	1	58
630	8.00403333333333	291.007525918039	0.00752591803910718	54521	1	94
567	7.88655	291.007804141415	0.00780414141524943	55449	1	93
598	7.94471666666667	291.007881209113	0.00788120911266788	57571	1	93
1007	16.7584666666667	292.890350963771	0.890350963770686	3130	1	59
1091	19.7649333333333	293.178048199889	0.178048199888508	9805	1	78
538	7.72955	294.831322726961	0.831322726960593	12145	1	88
711	8.1907	294.902407341858	0.902407341857725	3071	1	77
695	8.12936666666667	294.902859455114	0.90285945511414	3438	1	75
1111	19.8390833333333	295.227288982781	0.227288982780919	3411	1	44
1127	19.9180833333333	297.245083878965	0.245083878964863	4627	1	41
62	0.661866666666667	302.78797137355	0.787971373549681	21048	1	75
45	0.611866666666667	302.788877721921	0.788877721920926	10602	1	70
453	4.55093333333333	304.250439897382	0.250439897382364	7403	1	90
63	0.6632	304.785207096478	0.785207096478018	43277	1	71
78	0.722516666666667	304.785278648	0.785278648000428	16517	1	55
46	0.6132	304.786549830312	0.786549830312197	15036	1	63
560	7.87288333333333	305.023315739259	0.0233157392590329	115174	1	95
592	7.93255	305.023562416015	0.0235624160146699	745083	1	97
624	7.99186666666667	305.024132986191	0.0241329861913755	585531	1	97
657	8.05253333333333	305.024302491636	0.0243024916364334	171824	1	95
64	0.664533333333333	305.081936395007	0.0819363950073466	36449	1	66
593	7.93388333333333	306.027170426803	0.0271704268031385	67866	1	94
625	7.9932	306.027305982773	0.0273059827730435	49550	1	93
23	0.1444	307.264973281497	0.264973281496736	1723	1	4
1057	19.6497666666667	309.174769114022	0.17476911402224	4461	1	54
24	0.145733333333333	309.175499428686	0.17549942868618	7600	1	54
393	2.93653333333333	309.176241579516	0.176241579516216	1604	1	46
684	8.10253333333333	310.93550670262	0.93550670262033	3878	1	72
327	1.62063333333333	311.167012668038	0.16701266803824	1906	1	49
1058	19.6537666666667	311.169891693795	0.169891693794909	5153	1	55
447	4.48576666666667	311.295742298853	0.295742298853213	1772	1	30
1080	19.7272666666667	311.296421877785	0.296421877785292	5716	1	55
1017	17.8467166666667	314.930044574253	0.930044574253202	2556	1	45
672	8.08103333333333	314.970033485585	0.970033485584963	5648	1	64
229	1.1125	315.180299573915	0.180299573915079	1821	1	27
17	0.122066666666667	316.781438850816	0.781438850815675	6764	1	59
381	1.87428333333333	316.89006589712	0.890065897120053	2648	1	67
928	9.24461666666667	323.028635838145	0.0286358381452487	2267	1	62
1059	19.6577666666667	325.183659070517	0.183659070516796	5556	1	59
7	0.0877333333333333	325.185205146822	0.185205146821602	9028	1	53
1081	19.7312666666667	325.185304372279	0.185304372279234	7055	1	58
70	0.6807	326.83334308632	0.83334308632044	4494	1	37
639	8.02021666666667	328.985380463566	0.985380463566344	17749	1	89
561	7.87421666666667	328.98544438946	0.985444389459587	15365	1	87
1005	16.5548	331.069149312797	0.0691493127966396	1851	1	32
707	8.17336666666667	334.897325316936	0.897325316935678	3095	1	61
1054	19.6402666666667	337.205547799319	0.205547799319334	3461	1	25
304	1.48546666666667	339.19967546787	0.199675467870009	2246	1	44
1037	19.5841	339.200005198916	0.200005198916301	4352	1	45
337	1.66513333333333	339.32733294967	0.327332949669596	2803	1	44
554	7.83538333333333	341.110013657105	0.11001365710473	1106	1	43
79	0.72385	344.739989029531	0.739989029530989	7485	1	61
65	0.665866666666667	344.740326774105	0.740326774105085	16262	1	79
47	0.614533333333333	344.740771850747	0.740771850746739	15833	1	78
793	8.41701666666667	344.987907654208	0.987907654208072	842	1	20
766	8.35785	344.988034001348	0.988034001347557	605	1	15
737	8.30001666666667	344.988379418731	0.988379418730688	603	1	6
907	9.08796666666667	344.988985339893	0.988985339892508	807	1	9
568	7.88788333333333	345.015277158486	0.015277158486299	81614	1	94
631	8.00536666666667	345.015611446929	0.0156114469288013	98845	1	94
599	7.94605	345.016176199507	0.0161761995066172	100163	1	94
836	8.55333333333333	346.027844672635	0.0278446726347283	1839256	1	98
724	8.24935	346.056348937954	0.0563489379540556	37105	1	92
738	8.30135	346.056676978642	0.0566769786415193	635128	1	96
794	8.41835	346.05734953529	0.0573495352896884	1635944	1	97
767	8.35918333333333	346.057443719136	0.0574437191364154	1294078	1	96
971	12.1091	346.073951879095	0.0739518790953753	9028	1	87
214	1.083	346.736442122479	0.736442122479446	3062	1	40
66	0.6672	346.737658846933	0.737658846932788	41946	1	85
80	0.725183333333333	346.738236383946	0.738236383945605	21368	1	78
48	0.615866666666667	346.738874662854	0.738874662853846	41123	1	85
739	8.30268333333333	347.058082437527	0.0580824375267639	80270	1	91
795	8.41968333333333	347.058643030082	0.0586430300821803	196529	1	93
768	8.36051666666667	347.059036930605	0.0590369306046341	164844	1	93
740	8.30401666666667	348.061407684368	0.0614076843675662	14748	1	79
884	9.03296666666667	348.061536270772	0.0615362707723648	9568	1	84
796	8.42101666666667	348.061680582663	0.0616805826632003	32771	1	85
769	8.36185	348.062060216628	0.062060216627799	27920	1	84
67	0.668533333333333	348.735983182577	0.735983182576888	48602	1	85
81	0.726516666666667	348.73630062357	0.736300623570287	25871	1	78
49	0.6172	348.736529033966	0.736529033966349	47856	1	86
819	8.47716666666667	349.063695053763	0.0636950537628991	3961	1	55
908	9.0893	349.503804273355	0.503804273355058	759	1	5
68	0.669866666666667	350.734541365524	0.734541365524137	23177	1	83
50	0.618533333333333	350.734636350371	0.734636350371488	27918	1	84
82	0.729183333333333	350.735242912519	0.735242912519141	17234	1	82
1021	18.1085333333333	350.861541484071	0.86154148407087	3544	1	66
842	8.61583333333333	351.220503251036	0.220503251036348	590	1	16
1126	19.9085833333333	351.220712654538	0.220712654537579	11485	1	85
546	7.78605	352.792357480188	0.792357480188173	6294	1	77
995	14.9670666666667	352.859269725699	0.859269725698823	2132	1	33
673	8.08236666666667	352.945714304865	0.945714304865419	6062	1	74
1055	19.6416	353.20078858671	0.200788586709507	3348	1	29
338	1.6678	353.201173250611	0.201173250610566	1621	1	35
1078	19.7144333333333	353.341988028372	0.341988028371588	4137	1	38
674	8.0837	354.962139546149	0.962139546149388	3746	1	52
937	9.40245	361.067333651165	0.0673336511650291	4870	1	79
935	9.33361666666667	361.068339479878	0.0683394798778068	3136	1	73
224	1.10033333333333	365.163749084154	0.163749084153949	2311	1	52
178	1.01483333333333	367.357493710101	0.357493710100528	1618	1	10
1101	19.7945833333333	367.358111889194	0.358111889193538	7334	1	7
1070	19.6874333333333	367.358300475186	0.358300475185786	5226	1	10
744	8.31351666666667	368.037723887064	0.0377238870636916	29287	1	84
774	8.37268333333333	368.038212127367	0.0382121273673306	31822	1	86
801	8.43168333333333	368.038487914213	0.0384879142131354	26709	1	86
887	9.04515	368.038808403939	0.0388084039389582	7845	1	72
920	9.1338	368.039171279134	0.0391712791342229	8306	1	80
726	8.2587	368.039648719915	0.0396487199149647	7161	1	78
675	8.08503333333333	368.978432849989	0.978432849989133	7075	1	70
745	8.31485	369.039941802785	0.0399418027852789	4799	1	62
775	8.37401666666667	369.041147447844	0.0411474478437981	4799	1	57
802	8.43301666666667	369.041339189106	0.0413391891058268	4580	1	56
238	1.13133333333333	370.645511637557	0.645511637556751	1554	1	47
293	1.45615	371.776449073516	0.776449073515892	3320	1	82
543	7.76205	372.767912416751	0.767912416751074	4507	1	77
555	7.85005	372.76865785508	0.768657855079766	4300	1	84
606	7.95955	373.010742011978	0.0107420119776975	139762	1	94
574	7.90021666666667	373.010882409163	0.0108824091632869	128581	1	94
640	8.02155	373.01161821558	0.0116182155796309	129522	1	94
310	1.52946666666667	373.771443127667	0.771443127666885	4710	1	84
281	1.39181666666667	373.772509177618	0.772509177618474	6409	1	79
488	6.52613333333333	374.739451115406	0.739451115405586	3698	1	76
493	6.57646666666667	374.74024537036	0.740245370359787	4448	1	78
266	1.31665	376.866926702718	0.866926702717592	3260	1	63
691	8.11603333333333	378.922942552303	0.922942552303311	2093	1	42
100	0.773683333333333	380.713171629226	0.713171629226281	7096	1	73
548	7.80605	380.713609084076	0.71360908407604	6686	1	87
481	6.44313333333333	380.713804891114	0.713804891114137	6432	1	87
486	6.51146666666667	380.714329288983	0.714329288983436	11569	1	91
477	6.35881666666667	380.714516999919	0.714516999918715	3042	1	80
175	1.00016666666667	380.717887490982	0.717887490982378	3283	1	73
491	6.55646666666667	380.728396925347	0.72839692534717	13660	1	91
36	0.529533333333333	381.11503042343	0.115030423430369	17102	1	49
1110	19.82425	381.372582291609	0.37258229160949	7296	1	29
594	7.93521666666667	387.026498067727	0.0264980677272888	1348066	1	97
562	7.87555	387.026667008538	0.0266670085379701	179101	1	94
626	7.99453333333333	387.02696456852	0.0269645685199862	878421	1	96
658	8.05386666666667	387.027269810164	0.027269810164114	185984	1	94
595	7.93655	388.03024754081	0.0302475408097393	128489	1	94
627	7.99586666666667	388.030353704197	0.0303537041965001	92814	1	93
733	8.28801666666667	390.019473439382	0.0194734393817839	2180	1	66
435	4.38795	395.388064234329	0.388064234329306	1682	1	23
446	4.4711	395.388256430476	0.388256430475678	2849	1	24
1106	19.8054166666667	396.393556981652	0.393556981651841	1865	1	0
659	8.0552	396.973068351576	0.973068351575705	19863	1	82
41	0.598366666666667	397.10927319141	0.109273191410466	15493	1	59
1107	19.80675	397.334093348184	0.33409334818424	4185	1	34
42	0.6037	398.112279098088	0.112279098087868	5113	1	37
708	8.17603333333333	400.868042664224	0.868042664224276	4072	1	74
741	8.30535	404.105336393252	0.105336393251775	2411	1	59
881	9.01563333333333	406.022386650634	0.0223866506335071	867	1	33
770	8.36318333333333	406.023230290094	0.0232302900938635	1518	1	52
797	8.42235	406.025185048667	0.0251850486670833	1485	1	44
71	0.684683333333333	406.756526817633	0.756526817633357	5344	1	59
917	9.11896666666667	407.022342475915	0.0223424759150248	471	1	10
596	7.93788333333333	410.987134833697	0.987134833697439	101585	1	94
563	7.87688333333333	410.987602738087	0.987602738086991	53020	1	92
660	8.05653333333333	410.988115960445	0.9881159604451	57834	1	92
628	7.9972	410.988265925636	0.988265925635858	108700	1	94
1124	19.86875	411.347252609596	0.347252609596183	2659	1	27
746	8.31618333333333	414.042701338712	0.0427013387123338	4466	1	67
782	8.38885	414.045332890625	0.0453328906254455	4960	1	77
868	8.82965	423.966110866188	0.96611086618833	5851	1	78
701	8.16136666666667	423.966501782834	0.966501782833916	2799	1	67
729	8.27335	423.967143938992	0.967143938992479	6179	1	81
809	8.45568333333333	424.033260542267	0.033260542267044	32809	1	93
753	8.32968333333333	424.0333429547	0.033342954699549	31719	1	88
831	8.52116666666667	424.033725342962	0.0337253429619864	30124	1	91
783	8.39285	424.035102576855	0.0351025768554791	30531	1	92
909	9.09196666666667	424.035903306799	0.0359033067986161	19786	1	88
885	9.0383	424.036268625763	0.0362686257628297	13013	1	87
1125	19.8869166666667	425.363849117097	0.363849117097232	4646	1	52
8	0.0890666666666667	425.364822696329	0.364822696329156	5447	1	35
1082	19.73525	425.364891997333	0.364891997333189	3222	1	41
862	8.77581666666667	425.966305331447	0.966305331447018	2966	1	64
584	7.91771666666667	427.018112456289	0.0181124562889181	72776	1	92
615	7.9757	427.020080044499	0.0200800444991387	72959	1	92
649	8.0377	427.020300967621	0.0203009676214378	51295	1	90
747	8.31751666666667	428.058205243357	0.0582052433568947	53889	1	89
943	9.5201	428.059392648475	0.059392648474784	4082	1	71
776	8.37535	428.059587949489	0.0595879494894689	59811	1	90
803	8.43435	428.059807576808	0.0598075768083959	52514	1	89
896	9.06113333333333	428.059994904105	0.0599949041050536	13277	1	77
727	8.26136666666667	428.060788983786	0.0607889837856987	12799	1	84
777	8.37668333333333	429.061583447799	0.0615834477986255	10918	1	68
748	8.31885	429.061909658282	0.0619096582817065	9439	1	70
804	8.43568333333333	429.063740724171	0.0637407241707137	8948	1	67
749	8.32018333333333	431.035021796811	0.0350217968110087	9049	1	73
830	8.5145	434.067978947066	0.0679789470657397	6568	1	87
910	9.09463333333333	434.069115113167	0.069115113167129	4448	1	78
676	8.08636666666667	434.949330950986	0.949330950985996	6002	1	74
936	9.37795	442.984929794816	0.984929794816424	3242	1	59
771	8.36451666666667	443.987570991786	0.987570991786299	21102	1	80
820	8.4785	443.988236966161	0.988236966161026	45023	1	86
798	8.42368333333333	443.990264667874	0.990264667873817	37145	1	85
799	8.42501666666667	444.020631141043	0.0206311410427134	34466	1	85
912	9.1028	444.022112196942	0.0221121969421461	69760	1	91
888	9.04646666666667	444.022881526881	0.0228815268813491	126673	1	93
821	8.47983333333333	444.024701436861	0.0247014368612213	43691	1	86
822	8.48116666666667	444.599923901873	0.599923901873126	6326	1	67
889	9.0478	445.027271599444	0.0272715994438499	27204	1	83
823	8.4825	445.981847388623	0.981847388622612	443838	1	94
800	8.42635	445.981873096941	0.981873096941058	400089	1	94
742	8.30668333333333	445.982070915088	0.9820709150884	30666	1	85
772	8.36585	445.982423039206	0.982423039205514	320694	1	93
824	8.48383333333333	446.983397319206	0.983397319205551	101790	1	88
877	8.9943	446.983604814923	0.983604814922728	12705	1	83
890	9.04913333333333	446.984047471337	0.984047471337419	74234	1	87
837	8.55866666666667	447.015788845911	0.0157888459111746	101469	1	92
825	8.48516666666667	447.985611349962	0.985611349961516	30785	1	82
913	9.10413333333333	448.984609546771	0.98460954677148	4756	1	49
754	8.33101666666667	450.039694725525	0.0396947255248392	7460	1	58
784	8.39685	450.03997396165	0.0399739616497641	5378	1	66
730	8.27868333333333	450.041184610764	0.0411846107642191	5598	1	74
230	1.11516666666667	451.326793163746	0.326793163745833	1468	1	16
504	7.37241666666667	451.329444824492	0.329444824491873	1416	1	22
632	8.0067	455.013140370172	0.0131403701721524	157757	1	94
569	7.88921666666667	455.013408161886	0.0134081618857635	150749	1	94
600	7.94738333333333	455.013636993652	0.013636993651744	191278	1	94
663	8.06486666666667	455.015879051159	0.0158790511585494	24734	1	85
755	8.33235	456.050440278235	0.0504402782351576	2986	1	58
1128	19.9234166666667	457.31780972127	0.317809721269668	2094	1	32
696	8.13203333333333	458.911483275537	0.91148327553725	2734	1	69
1056	19.6429333333333	465.304119894076	0.30411989407628	7513	1	48
1036	19.5694333333333	465.305132238347	0.305132238346744	4041	1	53
1108	19.8094166666667	465.305949004195	0.305949004194815	9848	1	61
331	1.65313333333333	465.306595013907	0.306595013906929	3988	1	65
897	9.06246666666667	466.008414963503	0.00841496350250281	4982	1	68
1079	19.7171	466.310074118411	0.310074118411364	3086	1	33
365	1.75061666666667	466.31139985443	0.311399854430192	1726	1	45
597	7.9392	469.029515383953	0.0295153839527416	1244218	1	97
629	7.99853333333333	469.030206299819	0.0302062998191559	770874	1	96
564	7.87821666666667	469.030264997732	0.0302649977315923	161151	1	93
661	8.05786666666667	469.030901982384	0.0309019823841936	94365	1	92
25	0.147066666666667	481.42649115944	0.42649115943982	4975	1	49
843	8.63366666666667	486.042694531696	0.0426945316957585	1890	1	60
409	3.41185	487.307338808195	0.3073388081948	2432	1	47
410	3.41718333333333	489.303976037524	0.303976037523682	1607	1	38
616	7.97703333333333	492.990484027007	0.990484027007483	130801	1	93
565	7.87955	492.991018591674	0.991018591674447	71816	1	91
650	8.03903333333333	492.992274325551	0.992274325550909	86546	1	92
75	0.71435	501.132795554109	0.132795554108668	4987	1	8
56	0.633366666666667	501.134991336689	0.13499133668887	6414	1	7
756	8.33501666666667	502.011159345049	0.0111593450488385	6333	1	74
882	9.01963333333333	502.011527017164	0.0115270171643829	3961	1	68
926	9.21045	502.012178312548	0.0121783125483717	5064	1	75
923	9.15646666666667	502.015382596406	0.0153825964058001	5020	1	77
902	9.0733	503.991122595322	0.991122595321656	3753	1	49
844	8.64833333333333	504.009630451353	0.0096304513525638	1803	1	54
677	8.0877	504.953068042728	0.953068042727693	2829	1	22
547	7.79138333333333	508.672469449741	0.672469449740788	35064	1	94
490	6.54713333333333	508.672532038296	0.672532038295856	14563	1	93
485	6.49363333333333	508.67492619673	0.674926196730212	9055	1	92
585	7.91905	509.021930967809	0.0219309678091122	61204	1	89
651	8.04036666666667	509.023923729461	0.0239237294606482	39197	1	85
225	1.103	511.353160629419	0.353160629419278	13447	1	82
452	4.52976666666667	511.353636668371	0.353636668370882	1456	1	61
500	7.27375	514.323241650073	0.323241650072873	1820	1	76
692	8.11736666666667	514.325754335457	0.325754335457418	1642	1	43
859	8.76115	514.326571405732	0.326571405732238	1408	1	59
728	8.26401666666667	514.327513957083	0.327513957083283	1854	1	73
873	8.87698333333333	514.328184123282	0.328184123281517	1923	1	71
458	5.0344	514.328356872695	0.328356872694599	968	1	59
903	9.07463333333333	522.002551411701	0.00255141170089246	7648	1	62
810	8.46118333333333	523.959743064308	0.959743064307759	17842	1	62
785	8.40218333333333	523.959892508101	0.959892508101461	15132	1	57
834	8.5385	523.959957324014	0.959957324013772	19098	1	76
758	8.34318333333333	523.960268111741	0.960268111740561	12364	1	57
883	9.02363333333333	524.960619145627	0.960619145626993	8343	1	59
904	9.0773	524.961314719049	0.961314719048573	8158	1	47
921	9.1378	524.96278049151	0.962780491509989	8234	1	59
922	9.1418	525.959948266758	0.959948266758374	4604	1	47
206	1.06833333333333	531.254435428488	0.254435428487568	3958	1	70
239	1.13266666666667	531.25573471749	0.255734717490441	9166	1	91
250	1.19131666666667	531.258632903255	0.258632903255261	2205	1	83
215	1.08433333333333	535.289601498396	0.289601498396337	24127	1	89
241	1.14733333333333	535.29141380763	0.291413807630079	4860	1	88
633	8.00803333333333	537.016614903685	0.0166149036849674	165302	1	93
570	7.89055	537.017172328081	0.0171723280809601	150199	1	93
601	7.94871666666667	537.017265254216	0.0172652542156584	224571	1	94
664	8.0662	537.019545083454	0.0195450834537496	17223	1	78
216	1.08566666666667	537.289355718543	0.28935571854322	10249	1	78
847	8.68433333333333	539.341648550268	0.341648550267792	1816	1	65
827	8.49451666666667	539.343247578991	0.343247578991168	1466	1	41
905	9.07996666666667	549.299756270375	0.299756270374701	2944	1	62
634	8.00936666666667	551.032987041181	0.0329870411807178	504918	1	95
571	7.89188333333333	551.033330295686	0.0333302956858006	397339	1	95
602	7.95005	551.033410449404	0.0334104494035046	1155724	1	96
665	8.06753333333333	551.035205738793	0.0352057387932518	32194	1	86
603	7.95138333333333	552.035974340274	0.035974340273583	168589	1	93
635	8.0107	552.036155652633	0.0361556526328286	73746	1	89
652	8.0417	560.979883808518	0.979883808518025	42854	1	84
572	7.89321666666667	574.994270491702	0.994270491702309	160416	1	92
636	8.01203333333333	574.994392208636	0.9943922086361	163064	1	93
604	7.95271666666667	574.995284030886	0.995284030886069	235006	1	93
666	8.06886666666667	574.996498036332	0.996498036331559	34226	1	87
557	7.86471666666667	579.239845460729	0.239845460729384	2993	1	66
40	0.588866666666667	593.164618353498	0.164618353498213	9981	1	27
607	7.96088333333333	619.021507526779	0.0215075267794873	210655	1	93
575	7.90155	619.021622247996	0.0216222479963335	165109	1	93
641	8.02288333333333	619.022802724761	0.0228027247611635	118236	1	91
637	8.01336666666667	633.036434976901	0.0364349769012051	303966	1	94
605	7.95405	633.037096709368	0.0370967093678019	917851	1	96
573	7.89455	633.037490532701	0.0374905327013266	335546	1	94
667	8.0702	633.040526689779	0.0405266897785168	13878	1	68
668	8.07153333333333	642.985809577927	0.985809577927171	14113	1	70
608	7.96221666666667	656.998747582191	0.998747582190958	278409	1	92
576	7.90288333333333	656.999134011848	0.999134011847786	204611	1	92
642	8.02421666666667	657.000611398433	0.00061139843262481	126450	1	90
207	1.06966666666667	662.479323709236	0.479323709235814	7296	1	50
403	3.22385	662.482323870762	0.482323870762002	3964	1	59
929	9.24995	670.095687259515	0.0956872595148752	3898	1	79
208	1.071	674.481853066543	0.481853066542726	6765	1	29
1093	19.77975	680.621510304767	0.621510304766616	3827	1	15
217	1.087	688.496903162993	0.496903162993021	3748	1	33
832	8.52516666666667	690.967588566856	0.967588566856421	2517	1	73
759	8.34451666666667	693.121997173214	0.121997173214368	543721	1	96
786	8.40351666666667	693.122386390262	0.122386390262363	1020482	1	97
811	8.46251666666667	693.122508699994	0.122508699994341	1234858	1	97
891	9.05046666666667	693.122533519571	0.122533519570879	247333	1	95
734	8.29068333333333	693.123678496751	0.123678496751268	31684	1	92
760	8.34585	694.123613704955	0.123613704955005	148242	1	94
812	8.46385	694.123819527902	0.123819527901787	268954	1	95
787	8.40485	694.124051573291	0.124051573291467	222565	1	94
788	8.40618333333333	695.125632580319	0.125632580319461	55378	1	90
813	8.46516666666667	695.126271614338	0.126271614337952	72179	1	91
838	8.568	695.126385353734	0.126385353734463	70990	1	94
914	9.1068	695.127835398475	0.127835398475327	24769	1	89
761	8.34718333333333	695.127857282917	0.12785728291658	32254	1	87
927	9.22528333333333	696.136440167589	0.136440167588717	2272	1	64
669	8.07286666666667	696.995430001682	0.995430001681939	6011	1	35
609	7.96353333333333	701.025515734652	0.0255157346515489	198451	1	92
577	7.90421666666667	701.025616231112	0.0256162311122807	156308	1	91
643	8.02553333333333	701.02684093592	0.0268409359199495	90408	1	88
839	8.57333333333333	701.106979155539	0.106979155539307	4232	1	52
911	9.0973	701.108466857607	0.1084668576068	2289	1	25
201	1.05766666666667	702.512065731369	0.512065731368921	37801	1	81
399	3.15303333333333	702.513004959811	0.513004959811269	13723	1	80
231	1.11783333333333	702.513391172124	0.513391172124216	9513	1	73
202	1.059	703.51358129266	0.513581292660433	19038	1	64
492	6.5618	706.556759272507	0.556759272507406	2049	1	81
610	7.96486666666667	715.040580688741	0.0405806887414428	649293	1	95
578	7.90555	715.041241848668	0.0412418486683919	396431	1	93
644	8.02686666666667	715.042497782323	0.0424977823230392	128338	1	89
789	8.40751666666667	715.103968514689	0.103968514688859	82744	1	90
814	8.4665	715.104342491845	0.104342491844591	85231	1	90
735	8.29335	715.104495154404	0.104495154403708	25647	1	89
762	8.34851666666667	715.104533994621	0.10453399462142	82135	1	90
898	9.0638	715.106875801264	0.106875801264323	21481	1	84
790	8.40885	716.10637181461	0.106371814610043	20714	1	78
763	8.34985	716.107048120343	0.107048120342824	19376	1	81
899	9.06513333333333	716.107414756853	0.107414756853359	6336	1	63
815	8.46783333333333	716.107438434214	0.107438434214146	20829	1	80
400	3.16253333333333	716.528202335739	0.528202335739479	3227	1	45
398	3.1317	730.544543296363	0.544543296362804	7498	1	62
402	3.18603333333333	730.544813897936	0.544813897936137	8458	1	67
218	1.08833333333333	733.503137569497	0.503137569497085	5653	1	20
183	1.0255	733.507005315963	0.507005315963283	69890	1	77
184	1.02683333333333	734.512468150508	0.512468150507743	32582	1	64
924	9.17113333333333	735.077578149977	0.0775781499769437	2636	1	70
805	8.43701666666667	737.088374351576	0.0883743515760216	6700	1	55
743	8.30801666666667	737.089170328998	0.0891703289977386	11498	1	65
773	8.36718333333333	737.091027035669	0.0910270356686169	9508	1	59
611	7.9662	739.001992949758	0.00199294975800512	315811	1	92
579	7.90688333333333	739.002447453114	0.00244745311408678	239812	1	91
645	8.0282	739.004860891145	0.00486089114508559	103300	1	88
401	3.16786666666667	742.545767391081	0.545767391080858	3064	1	49
764	8.35118333333333	753.089122400301	0.0891224003014486	29776	1	84
816	8.46916666666667	753.089914112035	0.0899141120352169	54401	1	88
915	9.10946666666667	753.089970949189	0.0899709491886824	29558	1	88
791	8.41018333333333	753.09069230075	0.0906923007497653	50103	1	88
892	9.0518	753.091095059969	0.0910950599688931	17935	1	78
833	8.52916666666667	754.09397242957	0.0939724295699307	18238	1	85
916	9.11213333333333	754.094726580018	0.0947265800183459	9478	1	78
185	1.02816666666667	761.539380787715	0.53938078771489	45997	1	67
186	1.0295	762.544420579443	0.544420579443113	24629	1	58
282	1.39448333333333	765.581276063964	0.581276063964083	6952	1	56
317	1.5428	765.582764839877	0.582764839877086	3688	1	35
209	1.07233333333333	782.43918369891	0.439183698910483	6911	1	52
586	7.92038333333333	783.028172993219	0.0281729932188455	113774	1	88
617	7.97836666666667	783.029038923135	0.0290389231353174	112173	1	88
210	1.07366666666667	784.440671883647	0.440671883647155	7604	1	53
612	7.96753333333333	797.043676180811	0.0436761808106212	338681	1	93
580	7.90821666666667	797.043888419634	0.0438884196339586	221064	1	91
757	8.33768333333333	797.11197130041	0.111971300410005	6899	1	77
906	9.08263333333333	813.069095470709	0.0690954707092715	4723	1	72
613	7.96886666666667	821.005537470923	0.00553747092328649	276896	1	92
581	7.90955	821.006294511138	0.00629451113786672	233106	1	91
653	8.04303333333333	821.009172724727	0.00917272472725017	39539	1	82
318	1.54413333333333	860.537586004484	0.537586004483728	3413	1	39
296	1.4708	862.53613678028	0.536136780280231	6163	1	61
283	1.39715	864.530789706435	0.530789706434575	9935	1	61
307	1.50013333333333	866.53684268686	0.536842686859927	3048	1	46
587	7.92171666666667	879.046561394223	0.0465613942229766	185762	1	90
618	7.9797	879.049362294039	0.049362294038815	167724	1	89
588	7.92305	903.008121113252	0.00812111325160458	236987	1	91
619	7.98103333333333	903.010361662146	0.0103616621457832	206289	1	90
309	1.5148	959.494268276394	0.49426827639445	4992	1	57
285	1.41198333333333	961.485914482772	0.485914482772273	10534	1	62
589	7.92438333333333	985.011668506217	0.0116685062168926	186018	1	90
620	7.98236666666667	985.013115550337	0.0131155503368063	140246	1	89
792	8.41151666666667	1040.18713270888	0.187132708876561	31788	1	91
918	9.12296666666667	1040.1884027987	0.188402798702327	18769	1	92
765	8.35251666666667	1040.18846487612	0.188464876123362	13656	1	87
817	8.4705	1040.18878087633	0.188780876328792	35097	1	91
900	9.06646666666667	1040.18971195579	0.189711955787516	15528	1	86
835	8.54383333333333	1040.18976056073	0.189760560730974	40939	1	95
840	8.601	1042.18545512411	0.185455124111513	5733	1	86
750	8.32151666666667	1062.16804172017	0.168041720168731	19477	1	84
806	8.43835	1062.16967045325	0.169670453254867	45933	1	87
778	8.37801666666667	1062.17039345513	0.170393455127623	36699	1	88
901	9.0678	1062.17141330809	0.171413308091132	18816	1	85
807	8.43968333333333	1063.17282095909	0.172820959085129	19360	1	78
779	8.37935	1063.17432192856	0.174321928557674	15645	1	78
828	8.49718333333333	1063.17489880557	0.174898805568091	17207	1	84
621	7.9837	1067.01616254994	0.0161625499445108	94944	1	84
925	9.18911666666667	1084.1499680014	0.14996800140284	10256	1	76
751	8.32285	1084.15084139377	0.150841393773817	24166	1	71
893	9.05313333333333	1084.15144982404	0.151449824044448	7201	1	57
780	8.38068333333333	1084.15147427609	0.151474276091449	28064	1	70
919	9.12696666666667	1084.15150165655	0.151501656554956	10090	1	74
829	8.49985	1084.15238600323	0.152386003234142	20658	1	75
808	8.441	1084.15586380768	0.155863807682863	24717	1	72
781	8.38201666666667	1085.15643814174	0.156438141737453	11612	1	53
