986
120	1.18668333333333	59.0577852948866	0.0577852948865925	12609	1	92
117	1.14635	59.0579426173628	0.057942617362805	14194	1	92
481	8.31971666666667	59.0583293310392	0.0583293310391966	16524	1	92
115	1.13101666666667	59.0585590454347	0.0585590454346701	13310	1	93
453	8.19588333333333	59.0586640539013	0.0586640539012535	13765	1	90
764	16.7979833333333	59.0638731408809	0.0638731408808582	19555	1	94
759	13.7840166666667	59.0638981048858	0.0638981048857588	21906	1	94
953	19.6096333333333	60.0435188980641	0.043518898064093	15729	1	91
967	19.6643	60.0435465603611	0.0435465603611078	23198	1	90
771	18.3942166666667	66.9811373593368	0.98113735933677	375	1	42
143	1.45783333333333	79.0200391079895	0.0200391079894615	13255	1	84
74	1.02953333333333	80.972534991336	0.972534991336019	2204	1	54
38	0.956533333333333	80.9726572892775	0.972657289277535	5452	1	72
44	0.9687	80.9726781314149	0.972678131414881	6706	1	76
50	0.980866666666667	80.9726801154111	0.97268011541108	5061	1	73
62	1.0052	80.972696243279	0.972696243279017	3181	1	61
80	1.0417	80.9727234481405	0.972723448140542	2049	1	45
68	1.01736666666667	80.9727275099461	0.972727509946083	2553	1	58
56	0.993033333333333	80.9727510738234	0.972751073823432	3637	1	65
119	1.17868333333333	86.0947609601625	0.0947609601625317	963	1	55
116	1.13501666666667	86.0954656755412	0.0954656755411918	880	1	41
260	4.98543333333333	86.0956347330873	0.0956347330872944	899	1	20
81	1.04303333333333	98.983251085285	0.983251085285033	44753	1	94
69	1.0187	98.9833295467864	0.983329546786393	86923	1	95
75	1.03086666666667	98.9833426545228	0.983342654522758	65677	1	95
39	0.957866666666667	98.9833835542978	0.983383554297788	251333	1	96
63	1.00653333333333	98.983391454536	0.983391454536033	103115	1	95
57	0.994366666666667	98.9834094883947	0.98340948839467	134655	1	96
51	0.9822	98.9834635867231	0.983463586723062	196615	1	96
45	0.970033333333333	98.9835392946833	0.983539294683325	284846	1	97
264	4.99743333333333	100.110838586573	0.110838586572896	1830	1	36
268	5.01076666666667	100.110965492632	0.110965492632317	1873	1	40
257	4.97476666666667	100.111069294698	0.111069294697558	2560	1	36
261	4.98676666666667	100.111270004655	0.111270004654628	1806	1	29
136	1.43383333333333	102.126191659186	0.126191659185707	4937	1	59
968	19.6656333333333	102.126478273232	0.126478273231939	4776	1	57
128	1.39583333333333	102.126568874645	0.1265688746454	3837	1	67
954	19.6109666666667	102.126690496867	0.126690496866971	3487	1	54
273	6.05286666666667	104.105780078454	0.105780078454089	6764	1	87
274	6.07118333333333	104.106321711204	0.106321711204373	8929	1	88
275	6.08951666666667	104.10635738956	0.106357389559975	8938	1	90
326	7.9149	104.991116369462	0.991116369461992	185	1	11
141	1.4485	108.079180454576	0.0791804545762176	9504	1	78
151	1.50033333333333	108.079661128348	0.0796611283475102	9526	1	61
957	19.6243	108.079727424135	0.0797274241346457	8499	1	77
134	1.4245	108.07993484664	0.0799348466400147	8421	1	76
969	19.6683	108.080203475621	0.0802034756207064	11575	1	76
200	4.45513333333333	111.091232724738	0.0912327247382763	5871	1	69
220	4.52446666666667	114.126079415713	0.12607941571288	5094	1	52
214	4.51246666666667	114.126698252859	0.126698252859228	5084	1	55
209	4.50046666666667	114.127139737024	0.127139737024208	4862	1	52
982	19.7586166666667	121.087707284473	0.0877072844726854	26670	1	87
941	19.4781333333333	122.095222480299	0.095222480299384	11246	1	76
125	1.32916666666667	122.095361819654	0.0953618196540305	17741	1	84
945	19.5311333333333	122.095457523264	0.0954575232644856	32203	1	88
149	1.491	122.095500291918	0.0955002919179009	224526	1	93
944	19.51265	122.095514405824	0.0955144058235788	20141	1	86
949	19.5889666666667	122.09554283994	0.095542839940066	97463	1	92
950	19.5989666666667	122.095650326628	0.0956503266275064	111686	1	90
977	19.7222833333333	122.095684314934	0.0956843149335498	265058	1	94
984	19.7819666666667	122.095690954298	0.0956909542984619	309595	1	94
972	19.6916333333333	122.095719732038	0.0957197320384466	246974	1	90
959	19.6369666666667	122.095742595632	0.0957425956323164	166593	1	89
980	19.74245	122.095774485803	0.0957744858028917	277274	1	93
144	1.45916666666667	122.095798827618	0.0957988276182107	196848	1	90
126	1.374	122.095813867755	0.0958138677545577	60020	1	90
129	1.3985	122.095826956131	0.0958269561308072	130681	1	90
137	1.43516666666667	122.095848240321	0.0958482403206489	187734	1	89
970	19.6709666666667	122.096183372962	0.0961833729620025	222337	1	92
983	19.77395	123.097395204447	0.0973952044466699	35138	1	86
963	19.6523	123.097647729176	0.0976477291756765	21706	1	62
76	1.0322	123.097857074585	0.0978570745850647	76184	1	81
156	1.53748333333333	123.097909671586	0.0979096715859242	27778	1	85
138	1.4365	123.097953309507	0.0979533095070906	22001	1	67
40	0.9592	127.014523023585	0.0145230235852409	186605	1	95
70	1.02003333333333	127.014583955031	0.0145839550307443	56653	1	93
82	1.04435	127.014584769909	0.0145847699092059	31965	1	89
86	1.0552	127.014587417818	0.0145874178182908	22017	1	90
35	0.9457	127.014608068711	0.0146080687112686	44095	1	94
89	1.06601666666667	127.014612525627	0.0146125256274701	18446	1	87
77	1.03353333333333	127.014669925515	0.0146699255146956	44058	1	92
58	0.9957	127.014670806781	0.0146708067812114	90980	1	94
52	0.983533333333333	127.014689698168	0.0146896981680413	131226	1	95
64	1.00786666666667	127.014724888194	0.0147248881939959	71923	1	93
46	0.971366666666667	127.014819743206	0.0148197432060044	189442	1	95
483	8.33571666666667	128.045199026076	0.045199026075835	1357	1	39
316	7.89073333333333	128.952228120157	0.952228120157088	3247	1	51
322	7.90273333333333	128.952432409472	0.952432409471839	8520	1	78
327	7.91623333333333	128.952738592027	0.952738592026634	18743	1	90
332	7.92706666666667	128.952754782356	0.952754782356152	18694	1	91
410	8.0869	128.952776151942	0.952776151941947	18597	1	92
338	7.93973333333333	128.952802435525	0.952802435525314	21741	1	89
392	8.05006666666667	128.952818679407	0.952818679406789	18952	1	91
265	4.99876666666667	129.766166713527	0.766166713526928	1276652	1	96
981	19.74645	130.064390631294	0.0643906312940032	55505	1	90
960	19.6383	130.064484418752	0.0644844187521301	48405	1	85
951	19.6016333333333	130.064580271711	0.0645802717114634	46953	1	90
976	19.7102833333333	130.064878124339	0.0648781243392307	54103	1	91
131	1.40783333333333	130.064964136036	0.0649641360362807	102202	1	92
1	0.111916666666667	130.07593159422	0.0759315942195826	52915	1	90
238	4.63911666666667	130.157743322732	0.157743322732131	7569	1	73
451	8.18655	130.157974224735	0.157974224735483	30091	1	89
434	8.13571666666667	130.15823882814	0.158238828139872	29445	1	86
121	1.19068333333333	130.158391880654	0.158391880653539	127340	1	94
109	1.11636666666667	130.158399099914	0.158399099913936	116564	1	91
90	1.06735	130.158410874715	0.158410874714633	72326	1	90
269	5.01343333333333	130.158670583715	0.158670583714894	747030	1	96
258	4.97743333333333	130.158732606032	0.158732606032032	1474071	1	97
254	4.96276666666667	130.158798104942	0.158798104942292	863876	1	97
266	5.00143333333333	130.158853625354	0.158853625353515	1095241	1	97
271	5.0281	130.158904488331	0.158904488331075	536662	1	97
262	4.98943333333333	130.158917249582	0.158917249581805	1372982	1	97
252	4.9441	130.167230639452	0.167230639452214	69275	1	93
986	19.8146166666667	131.066415536726	0.0664155367262822	6446	1	76
110	1.1177	131.161498295906	0.161498295905687	12030	1	76
255	4.96543333333333	131.16172258807	0.161722588070006	89821	1	91
270	5.0161	131.161763430764	0.161763430764353	63770	1	90
118	1.15035	131.161783360158	0.161783360157784	13062	1	84
259	4.9801	131.161794623157	0.161794623157022	128150	1	93
267	5.0041	131.161816197749	0.161816197749488	89359	1	91
263	4.9921	131.161965447645	0.161965447645173	116464	1	92
168	3.62651666666667	136.060872955442	0.0608729554423064	16525	1	83
167	3.60051666666667	136.061617173916	0.0616171739164884	15431	1	83
946	19.5496333333333	136.111275836763	0.111275836762644	15203	1	83
148	1.4765	136.111332146783	0.111332146783212	51940	1	90
978	19.73045	136.111384188086	0.111384188086248	63916	1	90
152	1.50166666666667	136.111387617392	0.111387617392126	49793	1	81
139	1.43783333333333	136.111436830439	0.111436830438691	46311	1	80
952	19.6043	136.111538555159	0.111538555158944	35043	1	84
127	1.386	136.111597141579	0.111597141579409	27965	1	87
964	19.6536333333333	136.111672617101	0.111672617100652	51404	1	82
961	19.6409666666667	136.111785854285	0.111785854284818	43164	1	85
973	19.6929666666667	136.111914709945	0.111914709945296	62708	1	84
130	1.40116666666667	136.112201172034	0.112201172033906	36396	1	83
947	19.5649666666667	136.113133335714	0.113133335714338	19122	1	85
948	19.5769666666667	136.119755778008	0.119755778008255	23154	1	86
210	4.5018	144.173972419965	0.173972419964997	2518	1	19
215	4.5138	144.174152195051	0.174152195051278	2583	1	17
221	4.5258	144.174911886265	0.174911886265477	1941	1	6
958	19.6283	147.089982163421	0.0899821634214391	12777	1	73
955	19.6136333333333	147.091423212257	0.0914232122572969	9817	1	65
971	19.6863	147.091440392167	0.0914403921674705	15993	1	79
965	19.6563	147.091496835046	0.0914968350464846	14662	1	70
132	1.4105	147.092004640155	0.0920046401546983	9291	1	60
153	1.50433333333333	150.12664977716	0.126649777159827	24462	1	81
979	19.73445	150.127281512586	0.127281512586393	29715	1	85
962	19.6436333333333	150.12749415038	0.127494150379619	20883	1	79
251	4.8901	150.127669664921	0.127669664920887	11159	1	82
956	19.6163	150.127851906753	0.127851906752966	17326	1	76
145	1.4605	150.127966828545	0.127966828544857	22434	1	76
140	1.4405	150.128025594071	0.128025594071204	21598	1	79
974	19.6956333333333	150.128295826552	0.128295826551806	28472	1	81
36	0.948366666666667	155.046374548116	0.0463745481155513	237712	1	96
41	0.960533333333333	155.04653886073	0.0465388607300383	659731	1	97
65	1.0092	155.046557031748	0.0465570317477102	235473	1	96
59	0.997033333333333	155.046605041195	0.0466050411946242	284922	1	96
71	1.02136666666667	155.046617007926	0.0466170079259598	186106	1	95
83	1.04568333333333	155.046633013816	0.0466330138155797	98735	1	93
53	0.984866666666667	155.046642799079	0.0466427990790805	413499	1	96
78	1.03485	155.046672019905	0.0466720199054294	135217	1	94
47	0.9727	155.046747256214	0.0467472562138482	618187	1	97
985	19.78595	162.127567827382	0.12756782738154	10156	1	65
2	0.252916666666667	163.047159453622	0.0471594536220152	21792	1	83
966	19.6589666666667	164.142683647067	0.142683647066946	12144	1	65
146	1.46183333333333	164.142799990254	0.142799990254446	11330	1	53
975	19.6982833333333	164.144115964261	0.144115964261488	14017	1	68
446	8.16255	173.079778654106	0.0797786541063772	1192	1	37
163	2.21645	173.091613779486	0.0916137794864653	3056	1	50
305	7.43493333333333	176.875063086888	0.875063086888133	6807	1	78
297	7.40428333333333	176.875210412102	0.875210412102462	6223	1	75
301	7.41626666666667	176.87557304614	0.875573046139692	6348	1	72
293	7.39226666666667	176.876239335449	0.876239335448588	6895	1	77
298	7.40561666666667	176.886073519581	0.886073519580862	7487	1	76
256	4.9681	178.123068732585	0.123068732585153	24676	1	86
294	7.3936	178.874498474402	0.874498474402003	3575	1	41
37	0.951033333333333	183.077710684669	0.0777106846693698	2431804	1	98
87	1.05786666666667	183.077839311113	0.0778393111130242	480308	1	97
84	1.04701666666667	183.078034129692	0.0780341296917868	668752	1	97
91	1.06868333333333	183.078098574079	0.0780985740791493	369426	1	96
42	0.961866666666667	183.078197010025	0.0781970100246099	4317357	1	98
66	1.01053333333333	183.078204527891	0.0782045278909607	1653219	1	98
72	1.0227	183.07826215722	0.0782621572199105	1313588	1	97
79	1.03618333333333	183.078289559607	0.0782895596067021	948025	1	97
60	0.998366666666667	183.078369559118	0.078369559118272	2076429	1	98
54	0.9862	183.078436759373	0.0784367593726074	2808337	1	98
48	0.974033333333333	183.078586469086	0.078586469085792	3887401	1	98
49	0.975366666666667	184.080975117483	0.0809751174832911	255096	1	95
55	0.987533333333333	184.081380898404	0.0813808984037507	167769	1	95
43	0.9632	184.081610891388	0.0816108913875553	308119	1	95
216	4.51513333333333	185.658085013862	0.658085013861864	2007330	1	96
237	4.62711666666667	186.221352969394	0.221352969393593	31750	1	88
233	4.58713333333333	186.221768485654	0.221768485654223	81488	1	91
236	4.61511666666667	186.221866268318	0.22186626831845	42690	1	88
229	4.56313333333333	186.221875737829	0.221875737829492	188411	1	93
231	4.57511666666667	186.22189574735	0.221895747349578	123452	1	92
204	4.47913333333333	186.221962303011	0.221962303010997	96246	1	92
235	4.60311666666667	186.222165182388	0.222165182388437	56930	1	90
225	4.53913333333333	186.222228881517	0.222228881517111	618742	1	95
227	4.55113333333333	186.222256667332	0.22225666733172	335160	1	94
206	4.4898	186.222524895635	0.222524895634706	779031	1	95
222	4.52713333333333	186.222549225478	0.222549225478218	1150915	1	95
217	4.51646666666667	186.222729418974	0.222729418973927	1885686	1	96
211	4.50313333333333	186.22280713644	0.222807136440338	2161684	1	96
368	8.00106666666667	186.995029772651	0.995029772651236	21811	1	92
380	8.02556666666667	186.995073466872	0.995073466872299	19642	1	91
328	7.91756666666667	186.995083725352	0.995083725352259	7114	1	80
374	8.0134	186.995162467792	0.995162467792056	20477	1	91
350	7.9644	186.995238184121	0.995238184121433	20821	1	88
362	7.9889	186.995303491104	0.995303491103698	22279	1	92
333	7.9284	186.995391071521	0.995391071521425	11582	1	87
386	8.0379	186.995430486922	0.995430486922459	16403	1	90
404	8.07456666666667	186.995491950927	0.995491950927374	11143	1	88
344	7.95206666666667	186.995548240718	0.995548240718421	17964	1	88
398	8.0624	186.99554833446	0.995548334460182	13401	1	88
339	7.94106666666667	186.995612591628	0.99561259162752	18128	1	91
356	7.97656666666667	186.995630365325	0.995630365325042	20968	1	91
393	8.0514	186.995816980367	0.995816980367096	19296	1	90
226	4.54313333333333	187.225178368146	0.225178368145777	68481	1	89
230	4.56711666666667	187.225195694608	0.225195694607606	24820	1	82
228	4.55511666666667	187.225338560686	0.225338560685685	41366	1	86
232	4.57911666666667	187.225351391071	0.2253513910712	17588	1	78
223	4.52846666666667	187.225467266277	0.225467266276638	143688	1	89
212	4.50446666666667	187.225475601084	0.225475601083929	279277	1	91
207	4.49246666666667	187.225600579919	0.225600579919416	141893	1	91
218	4.5178	187.225657857817	0.225657857816515	227843	1	90
234	4.59113333333333	187.226170761952	0.226170761952147	12888	1	74
224	4.53113333333333	188.227945000854	0.227945000854476	10111	1	61
213	4.50713333333333	188.228314376186	0.228314376185637	19666	1	73
219	4.51913333333333	188.229171122508	0.229171122507637	15547	1	63
154	1.507	189.960589013824	0.960589013823778	41807	1	83
94	1.07936666666667	189.960597153882	0.960597153882077	49126	1	84
505	8.57586666666667	189.960717483455	0.960717483454886	17697	1	69
729	9.44363333333333	189.960783278628	0.960783278627702	12689	1	63
133	1.41316666666667	189.960814274805	0.960814274805045	23754	1	78
92	1.07001666666667	189.96088335878	0.960883358779967	39099	1	75
495	8.51536666666667	189.960939870784	0.96093987078379	9673	1	73
567	8.77985	189.961007621233	0.96100762123325	34744	1	78
97	1.09018333333333	189.961012021631	0.961012021631149	36243	1	72
103	1.10251666666667	189.961022685515	0.961022685515246	22882	1	69
554	8.74385	189.961033621009	0.961033621008852	29117	1	75
605	8.87616666666667	189.961045471488	0.961045471487779	37731	1	79
543	8.71985	189.961102197819	0.961102197818718	29757	1	77
502	8.55453333333333	189.961160884255	0.961160884255463	13404	1	77
526	8.66651666666667	189.961174796149	0.961174796148669	23106	1	85
515	8.61451666666667	189.961207603591	0.961207603590793	19295	1	81
720	9.41946666666667	189.961250832954	0.961250832953681	11262	1	61
709	9.3953	189.961558445227	0.961558445226899	10730	1	55
111	1.11901666666667	189.961726232838	0.961726232837663	14389	1	59
147	1.4645	189.961937677045	0.961937677044887	35386	1	82
135	1.4285	189.962041243364	0.962041243363529	27317	1	82
487	8.47303333333333	189.962246016626	0.962246016625727	5136	1	61
730	9.44496666666667	191.958448677402	0.958448677402288	15814	1	63
155	1.5255	191.958565153977	0.958565153976764	44466	1	88
527	8.67185	191.95858329689	0.958583296890225	27665	1	74
150	1.495	191.958767892181	0.95876789218147	45571	1	86
104	1.10385	191.95878065221	0.95878065221018	28689	1	68
512	8.6012	191.958923195706	0.958923195706092	20329	1	77
95	1.08203333333333	191.959019067593	0.959019067592692	54670	1	82
580	8.81601666666667	191.959020070519	0.959020070518875	40770	1	79
544	8.72118333333333	191.959054399536	0.959054399536484	29374	1	75
497	8.5292	191.959074911556	0.959074911556058	15124	1	74
98	1.09151666666667	191.959089741985	0.959089741984798	42480	1	73
142	1.4525	191.95909627174	0.959096271740322	37310	1	84
276	6.16251666666667	191.959162670365	0.959162670365316	6651	1	73
489	8.4887	191.959210050778	0.959210050777529	10267	1	62
561	8.76785	191.959247323975	0.959247323975234	33870	1	77
112	1.12035	191.959252342215	0.959252342214569	18026	1	60
504	8.57053333333333	191.959255025333	0.959255025333192	18752	1	83
93	1.07268333333333	191.959312396265	0.95931239626492	50486	1	82
555	8.74518333333333	191.959318793549	0.959318793548618	31947	1	75
272	5.80071666666667	191.959578878923	0.959578878922969	9002	1	74
169	3.90466666666667	191.974931716013	0.97493171601289	52325	1	89
240	4.68228333333333	192.174894244006	0.174894244006254	61509	1	90
243	4.71828333333333	192.175180853777	0.175180853776823	44140	1	88
241	4.69428333333333	192.175332551382	0.17533255138224	70734	1	91
242	4.70628333333333	192.175336604883	0.175336604882546	59653	1	90
244	4.72628333333333	192.175873664802	0.17587366480231	35992	1	84
452	8.19055	194.117424441541	0.117424441541203	23680	1	89
279	7.15511666666667	194.117582939449	0.117582939449079	84278	1	93
469	8.25705	194.117759286977	0.117759286976735	24293	1	86
280	7.16946666666667	194.117769823025	0.117769823024673	115742	1	94
278	7.1368	194.117797387916	0.117797387916283	45173	1	91
462	8.22771666666667	194.11829909726	0.118299097259722	25659	1	89
454	8.19721666666667	194.11833231791	0.118332317910188	24849	1	86
440	8.14771666666667	194.118698056482	0.118698056481719	18429	1	85
476	8.28771666666667	194.119235559034	0.119235559034024	26769	1	90
124	1.28483333333333	194.119267154567	0.119267154566643	4007	1	58
760	14.072	194.130034838473	0.130034838473051	26152	1	89
754	10.6658833333333	194.133742223779	0.133742223778654	26415	1	88
282	7.19511666666667	195.120373706992	0.120373706992183	18067	1	84
281	7.17345	195.121642047854	0.121642047854067	17630	1	82
756	12.1677833333333	205.083470093724	0.083470093723605	2722	1	39
99	1.09285	207.970810600411	0.970810600410516	14772	1	60
158	1.60398333333333	207.971638495259	0.971638495258617	15729	1	81
159	1.61598333333333	207.972169729803	0.972169729802971	15922	1	82
157	1.59198333333333	209.969368168298	0.969368168297621	15443	1	82
100	1.09418333333333	209.970027940728	0.970027940728357	14122	1	57
698	9.34081666666667	212.032215730243	0.0322157302428252	2808	1	28
670	9.22081666666667	212.033321177176	0.0333211771758499	2740	1	16
776	18.6013666666667	217.124797045511	0.124797045510945	22631	1	86
758	13.2553833333333	217.124813584706	0.124813584706146	19876	1	84
448	8.17321666666667	222.112132886267	0.112132886267432	6406	1	70
465	8.24505	222.112532177295	0.112532177295407	9245	1	66
26	0.894366666666667	223.065623497418	0.0656234974181018	17490	1	71
455	8.19855	224.128624232438	0.128624232437517	43574	1	87
466	8.24638333333333	224.128761561145	0.128761561145154	47496	1	87
477	8.29971666666667	224.128931878653	0.128931878653361	48884	1	91
482	8.32371666666667	224.128976581626	0.128976581625551	48692	1	91
441	8.14905	224.130239331537	0.130239331537098	29573	1	84
757	12.63325	224.145453328039	0.145453328039252	36421	1	89
470	8.25838333333333	225.131818669927	0.131818669926588	7995	1	59
416	8.09906666666667	226.987954110175	0.987954110174883	32806	1	92
647	9.11065	230.042574033506	0.0425740335064972	4501	1	58
699	9.34215	230.042637289092	0.0426372890919993	10723	1	66
702	9.36065	230.042993112335	0.0429931123345852	10945	1	73
692	9.30615	230.0430297504	0.0430297503995405	9801	1	70
674	9.23548333333333	230.043052740785	0.0430527407846171	8310	1	70
656	9.15883333333333	230.043307323065	0.0433073230645675	5646	1	55
663	9.19681666666667	230.043388339479	0.0433883394786392	5966	1	52
679	9.26881666666667	230.043621921509	0.0436219215094695	8922	1	58
652	9.13865	230.043847087502	0.0438470875021437	5662	1	66
752	10.19525	230.057872305486	0.0578723054858585	3030	1	45
751	10.0384333333333	230.060112527318	0.060112527318239	5855	1	66
202	4.46713333333333	230.249159570027	0.249159570027246	10830	1	75
208	4.49513333333333	230.249165479284	0.249165479284414	3584	1	41
201	4.45913333333333	230.249179083667	0.249179083666661	12113	1	74
205	4.48313333333333	230.250020928586	0.250020928585684	5874	1	59
199	4.44713333333333	230.25022508875	0.250225088750341	9424	1	70
203	4.47113333333333	231.253948309896	0.253948309896344	3001	1	29
428	8.12355	234.918761640063	0.918761640062712	14014	1	80
162	2.17178333333333	235.965969142329	0.9659691423293	18413	1	83
549	8.73185	237.947935222521	0.947935222520897	8632	1	43
590	8.84001666666667	237.947964579856	0.947964579856091	10513	1	48
600	8.86401666666667	237.948038160665	0.948038160664879	10886	1	48
540	8.70918333333333	237.949172749325	0.949172749324561	8078	1	49
513	8.60385	237.949375367265	0.949375367264764	5348	1	35
671	9.22215	240.027434775155	0.0274347751549726	1942	1	12
660	9.18615	240.02794377745	0.0279437774499627	2141	1	20
680	9.27015	240.028415892858	0.0284158928577369	2609	1	22
653	9.14681666666667	240.029032827321	0.0290328273208615	2345	1	16
703	9.3633	247.097057486766	0.0970574867662322	12264	1	71
710	9.39663333333333	247.097079011947	0.0970790119466187	10857	1	62
473	8.27038333333333	248.071819860089	0.0718198600888513	1827	1	35
369	8.0024	268.999240347748	0.999240347748469	769159	1	98
375	8.01473333333333	268.999595352324	0.999595352324377	700569	1	97
329	7.9189	268.999651069245	0.999651069244578	122578	1	96
381	8.0269	268.999669605845	0.999669605845384	669549	1	97
351	7.96573333333333	268.999780137885	0.999780137884841	715145	1	98
387	8.03923333333333	268.999930501866	0.999930501866061	561916	1	97
363	7.99023333333333	268.999984531288	0.999984531288419	787291	1	98
405	8.0759	269.0000335956	3.35956002572857E-05	290330	1	96
334	7.92973333333333	269.000052984452	5.2984452452165E-05	269441	1	97
340	7.9424	269.000079087823	7.90878231100578E-05	423204	1	97
345	7.9534	269.000159381721	0.000159381721175578	570542	1	97
399	8.06373333333333	269.000246881558	0.000246881557757206	369225	1	97
357	7.9779	269.000335824443	0.000335824442629473	714127	1	97
394	8.05273333333333	269.000427925696	0.000427925696101283	437357	1	97
164	2.3956	274.275654693389	0.275654693388958	4079	1	40
422	8.1114	274.911301455718	0.911301455717989	16318	1	89
442	8.15038333333333	274.912939376569	0.912939376569057	21349	1	91
478	8.30638333333333	279.157796890011	0.157796890010786	20423	1	83
101	1.09551666666667	285.883047581862	0.883047581862172	23191	1	58
102	1.09685	287.880748409705	0.880748409704665	35064	1	67
96	1.0847	287.880991763529	0.880991763528868	64495	1	82
123	1.26318333333333	287.881021967231	0.881021967231163	15325	1	75
85	1.04835	288.255911911604	0.255911911604358	13674	1	48
762	15.82805	289.265522363799	0.265522363799221	4856	1	53
335	7.93106666666667	292.961246556647	0.961246556646643	203237	1	96
406	8.07723333333333	292.961330521208	0.961330521207572	187715	1	96
400	8.06506666666667	292.961413992511	0.961413992511325	226110	1	96
330	7.92023333333333	292.961813269929	0.96181326992911	122987	1	96
253	4.9561	294.219034824271	0.21903482427058	13285	1	84
715	9.4073	300.998063420328	0.998063420327981	22355	1	79
716	9.40863333333333	302.994222847829	0.994222847828951	22866	1	80
726	9.4328	302.996002456123	0.996002456123051	25761	1	84
198	4.4223	304.306325131527	0.306325131527046	7792	1	63
317	7.89206666666667	310.237487919647	0.237487919647435	1317	1	2
459	8.21038333333333	310.237898545056	0.237898545055543	1445	1	5
435	8.13705	310.238648580918	0.238648580917641	1461	1	6
467	8.24905	310.240543559744	0.240543559743685	1749	1	6
197	4.40063333333333	312.366542625329	0.366542625329373	6990	1	34
6	0.808366666666667	313.279601127716	0.27960112771575	4478	1	49
695	9.31948333333333	314.076013614277	0.0760136142767465	10877	1	52
667	9.21015	314.076584406297	0.076584406297286	7561	1	39
654	9.14948333333333	314.077522860232	0.0775228602323068	6545	1	33
331	7.92156666666667	316.923751190183	0.923751190182941	27509	1	92
429	8.12488333333333	316.923771182858	0.923771182857536	32107	1	93
411	8.08823333333333	316.923803472524	0.923803472523673	31624	1	93
88	1.06053333333333	325.250427420676	0.25042742067626	18478	1	50
287	7.36826666666667	326.211201354056	0.211201354055618	3678	1	37
20	0.8822	327.25772590979	0.257725909789883	11327	1	64
417	8.1004	332.954796743409	0.954796743408792	32366	1	92
122	1.24468333333333	338.346349108687	0.346349108686695	6933	1	48
165	3.26938333333333	338.347078043876	0.347078043876479	4407	1	40
166	3.29188333333333	338.348003290806	0.348003290805593	3794	1	36
630	8.9945	339.009825607105	0.00982560710497182	11201	1	74
753	10.23325	339.178057135003	0.178057135002689	3454	1	35
479	8.30905	340.056047939578	0.0560479395775815	88788	1	88
474	8.27305	340.056152935201	0.0561529352007142	78267	1	87
460	8.21305	340.056167217015	0.0561672170154566	62105	1	86
484	8.3477	340.056780822575	0.0567808225749218	87235	1	91
449	8.17588333333333	340.056852781788	0.0568527817876543	52528	1	86
463	8.23571666666667	340.056966705994	0.0569667059940002	68650	1	89
430	8.12621666666667	340.056991009395	0.0569910093945509	33364	1	79
562	8.76918333333333	340.057071698819	0.0570716988186746	210139	1	91
192	4.3138	340.057339727233	0.0573397272331704	24808	1	81
175	4.17481666666667	340.057544257818	0.0575442578175966	13238	1	76
178	4.20115	340.057856957443	0.0578569574433345	18641	1	78
184	4.24665	340.058180022222	0.0581800222221318	23701	1	81
181	4.22698333333333	340.058198441081	0.05819844108089	21393	1	76
189	4.27465	340.058289952509	0.0582899525090284	30686	1	83
172	4.13398333333333	340.061178042507	0.0611780425073789	11982	1	73
311	7.8454	340.09297504452	0.0929750445200739	192518	1	93
113	1.12168333333333	340.264475629558	0.26447562955849	11958	1	43
423	8.11271666666667	340.886543690581	0.886543690580709	11500	1	77
631	9.00133333333333	341.050881375159	0.0508813751586672	81184	1	87
594	8.85201666666667	341.052242641758	0.0522426417583688	56796	1	83
550	8.73318333333333	341.052736280501	0.0527362805006533	44817	1	82
475	8.27571666666667	341.059041295554	0.0590412955538682	12936	1	71
456	8.19988333333333	341.061456632507	0.0614566325065766	13048	1	70
105	1.10518333333333	344.234621935904	0.234621935904443	10525	1	41
636	9.03866666666667	348.073022534057	0.0730225340570883	47009	1	91
639	9.06666666666667	348.073028576047	0.0730285760474203	72954	1	93
735	9.45563333333333	348.983084800316	0.983084800315851	17247	1	74
648	9.11465	349.076046259969	0.0760462599687912	14141	1	81
640	9.07466666666667	349.077388979692	0.077388979691591	13013	1	80
765	17.1118	351.210582313526	0.210582313526402	12088	1	59
480	8.31171666666667	351.213899742224	0.213899742224271	8875	1	43
310	7.74341666666667	351.228332675654	0.228332675653974	10092	1	55
34	0.925366666666667	355.072655549432	0.0726555494321701	14276	1	71
11	0.85805	355.076717904134	0.0767179041339432	12144	1	61
21	0.883533333333333	355.288886493145	0.288886493145299	17462	1	63
436	8.13838333333333	356.917126838358	0.917126838357831	15405	1	84
642	9.08666666666667	358.066306022248	0.066306022247943	269889	1	92
668	9.21281666666667	358.066466595593	0.0664665955929991	518588	1	93
627	8.97033333333333	358.066619234056	0.0666192340560201	144063	1	91
638	9.05466666666667	358.066633763951	0.0666337639514154	219490	1	92
657	9.1615	358.066725485428	0.0667254854282078	391640	1	91
649	9.12133333333333	358.066761916647	0.0667619166472946	317393	1	91
676	9.24748333333333	358.066857110882	0.0668571108815854	604223	1	94
661	9.18881666666667	358.067101480786	0.0671014807857091	457253	1	92
586	8.82801666666667	358.067208276399	0.067208276398901	71127	1	78
632	9.004	358.06721040867	0.0672104086699505	177370	1	89
685	9.28081666666667	358.067321635421	0.0673216354212514	675056	1	92
625	8.943	358.067539959721	0.0675399597205342	125053	1	90
595	8.85335	358.068560536796	0.0685605367958715	81377	1	80
634	9.01866666666667	359.069498265086	0.0694982650864517	25038	1	76
689	9.29415	359.069858264491	0.0698582644910175	87795	1	82
681	9.27148333333333	359.069963884315	0.0699638843148591	83337	1	76
644	9.09733333333333	359.071546980349	0.0715469803491828	36981	1	74
686	9.28215	359.095868661853	0.0958686618528191	82431	1	76
468	8.25171666666667	362.039048413823	0.0390484138230818	11827	1	69
318	7.8934	362.039186106583	0.0391861065830881	14939	1	67
431	8.12755	362.039259211913	0.039259211912622	11750	1	65
312	7.86706666666667	365.108736653767	0.10873665376721	6639	1	68
313	7.88006666666667	365.109495014592	0.109495014592142	13288	1	79
471	8.26105	365.110967342609	0.110967342608944	5665	1	65
7	0.830366666666667	369.357289428015	0.357289428015179	12043	1	65
4	0.7922	369.357756472785	0.357756472784502	10099	1	58
8	0.8472	369.358307815749	0.358307815749072	9883	1	50
22	0.884866666666667	371.104384430479	0.10438443047866	60751	1	83
239	4.66711666666667	371.107679268861	0.107679268861034	15419	1	83
763	16.5221666666667	371.342606086784	0.342606086783519	9602	1	73
194	4.34346666666667	374.01772119911	0.0177211991098147	163177	1	92
185	4.25065	374.017737742352	0.0177377423520966	96501	1	91
190	4.28665	374.017744770956	0.017744770955801	106822	1	91
461	8.21571666666667	374.018067189726	0.0180671897258549	46257	1	90
180	4.22031666666667	374.01809293452	0.0180929345202685	77057	1	91
176	4.18915	374.018159617517	0.018159617517199	56796	1	90
447	8.16655	374.018195002974	0.0181950029741529	35658	1	90
173	4.13798333333333	374.018516183066	0.0185161830661968	31460	1	88
174	4.15315	374.018718178765	0.0187181787646864	34279	1	88
170	4.11081666666667	374.018839797038	0.0188397970379697	18953	1	85
432	8.12888333333333	374.019525499401	0.0195254994006291	25778	1	86
277	6.44816666666667	374.039758641168	0.0397586411683619	14098	1	81
179	4.20515	375.021458555375	0.0214585553748066	9421	1	74
182	4.22965	375.0229448602	0.0229448602004823	10940	1	72
186	4.25731666666667	375.024107684508	0.0241076845081807	12225	1	74
196	4.35948333333333	375.02511944997	0.0251194499704184	18747	1	81
308	7.52226666666667	375.026266448814	0.0262664488136011	6729	1	76
285	7.35095	375.104789655909	0.104789655908689	4311	1	68
450	8.17855	376.014782377064	0.0147823770635114	14198	1	83
171	4.12598333333333	376.015286178988	0.0152861789884469	10481	1	81
195	4.34746666666667	376.015677106201	0.0156771062005419	54669	1	89
187	4.25998333333333	376.01601659943	0.0160165994303725	36885	1	85
177	4.19315	376.016036073579	0.0160360735787322	21095	1	85
183	4.23231666666667	376.016323759637	0.0163237596366343	30173	1	85
472	8.26371666666667	376.017905890765	0.0179058907648937	19173	1	84
307	7.47493333333333	378.012630135258	0.0126301352584619	9887	1	82
288	7.3696	378.013080487953	0.0130804879530615	7356	1	69
306	7.4501	378.013224051218	0.0132240512181738	10009	1	81
283	7.30761666666667	378.013796450133	0.0137964501328156	4141	1	50
295	7.39626666666667	378.013975580965	0.0139755809654503	9292	1	75
284	7.33893333333333	378.01551149657	0.0155114965703547	6105	1	69
687	9.28481666666667	380.048730473027	0.0487304730266942	33405	1	85
645	9.1	380.04920699893	0.0492069989304014	15153	1	77
659	9.17615	380.049330270199	0.0493302701989933	22541	1	84
682	9.27281666666667	380.049685942075	0.049685942075314	33044	1	80
672	9.22481666666667	380.050812996142	0.050812996142497	25644	1	82
650	9.124	380.051201837538	0.0512018375376897	17240	1	77
314	7.88273333333333	381.08305149672	0.0830514967199747	1980	1	28
248	4.75428333333333	382.11768709228	0.117687092279937	33570	1	88
246	4.73828333333333	382.118514368946	0.118514368945796	43345	1	89
245	4.73028333333333	382.119055607254	0.119055607254154	37367	1	88
249	4.76628333333333	382.119535564759	0.119535564759303	19342	1	84
250	4.77828333333333	382.119562152852	0.119562152851813	11630	1	78
247	4.74228333333333	383.122546503107	0.122546503107117	11728	1	73
12	0.859383333333333	383.324813853849	0.32481385384898	6979	1	28
323	7.90406666666667	384.020816609683	0.0208166096830382	15719	1	68
193	4.32896666666667	388.400320817536	0.400320817536056	14278	1	77
191	4.30181666666667	391.044828655456	0.0448286554559445	42705	1	89
188	4.26265	391.051237206247	0.0512372062468103	40596	1	87
755	11.7644833333333	391.288605493097	0.288605493097123	12219	1	83
160	2.15578333333333	391.292272670038	0.292272670037619	19240	1	88
161	2.15978333333333	391.312564765244	0.312564765243792	19308	1	87
319	7.89473333333333	393.302375085326	0.302375085326389	4976	1	24
464	8.23971666666667	393.303550583783	0.303550583782624	4900	1	48
418	8.10173333333333	398.927092665	0.927092665000487	44727	1	93
506	8.5772	401.971861392965	0.971861392965081	125425	1	93
528	8.67318333333333	401.971921919097	0.971921919097326	173209	1	93
704	9.36596666666667	401.972166540438	0.972166540438366	65395	1	90
578	8.80668333333333	401.97226410954	0.972264109539935	341186	1	96
523	8.64918333333333	401.972431947034	0.972431947034124	168706	1	94
517	8.62385	401.972507504983	0.972507504982616	147935	1	93
514	8.60651666666667	401.972610380489	0.972610380488675	144566	1	94
711	9.39796666666667	401.9728084599	0.972808459900477	83613	1	91
545	8.72251666666667	401.972948522002	0.972948522001616	227927	1	94
556	8.74651666666667	401.973020210782	0.973020210781783	263408	1	95
500	8.54253333333333	401.973032756884	0.973032756883583	94994	1	94
563	8.77051666666667	401.973140797468	0.973140797467579	314240	1	95
490	8.49003333333333	401.973683969303	0.973683969303238	56986	1	89
486	8.46503333333333	401.97441804069	0.974418040690296	28613	1	89
509	8.5892	402.975906002256	0.975906002256352	20148	1	82
524	8.65185	402.976187256378	0.976187256377841	25817	1	83
533	8.68518333333333	402.976353485095	0.976353485094933	27714	1	83
581	8.81735	402.976788317177	0.976788317177238	46692	1	86
606	8.8775	402.976976189178	0.976976189177776	46400	1	87
564	8.77185	402.977095203167	0.97709520316738	42164	1	85
541	8.71185	402.97798423123	0.977984231229982	29658	1	84
717	9.40996666666667	402.978055048088	0.978055048088038	13945	1	70
551	8.73451666666667	402.979950047454	0.979950047454224	34982	1	83
510	8.59186666666667	403.969935032387	0.969935032387468	128921	1	94
579	8.81068333333333	403.970156372875	0.970156372875465	357902	1	96
536	8.69586666666667	403.970232231912	0.970232231911837	189489	1	93
529	8.67451666666667	403.970302203586	0.970302203586414	179371	1	94
521	8.63853333333333	403.97045055396	0.970450553960404	156792	1	95
731	9.4463	403.970557999677	0.970557999676714	92162	1	91
721	9.4208	403.970629173372	0.97062917337206	94342	1	92
708	9.38998333333333	403.970652683053	0.970652683053004	80538	1	93
503	8.55853333333333	403.970854370051	0.970854370050802	108511	1	94
518	8.62518333333333	403.970875623071	0.970875623070867	152528	1	94
498	8.53186666666667	403.970885752534	0.970885752534059	93846	1	93
607	8.88016666666667	403.970950824116	0.970950824115903	364042	1	96
488	8.47703333333333	403.971008298751	0.97100829875103	39694	1	91
546	8.72385	403.971064421156	0.97106442115637	235786	1	94
491	8.4927	403.971079367393	0.971079367392747	56238	1	91
565	8.77318333333333	403.971303603962	0.971303603962212	301303	1	95
614	8.90016666666667	404.97330223673	0.973302236729523	39179	1	86
534	8.68785	404.973810660182	0.973810660181812	22399	1	86
601	8.86533333333333	404.97388546332	0.973885463319846	42043	1	88
522	8.64253333333333	404.975013445809	0.975013445809452	18514	1	85
568	8.78118333333333	404.975233230717	0.975233230717095	35276	1	86
718	9.4113	404.975695600688	0.975695600688198	11864	1	71
537	8.69718333333333	404.999207275518	0.999207275517563	23472	1	84
324	7.90673333333333	406.004252000096	0.00425200009624405	8052	1	70
302	7.4176	409.277158557895	0.277158557895348	2656	1	55
299	7.40828333333333	409.278230501976	0.278230501976168	2621	1	62
291	7.38293333333333	409.282166530417	0.282166530417157	2555	1	60
443	8.15171666666667	413.27033803811	0.270338038109628	13980	1	60
320	7.89606666666667	413.272696194361	0.272696194360549	11879	1	59
457	8.20121666666667	413.276556566289	0.276556566288775	11165	1	58
437	8.13971666666667	414.011450990712	0.0114509907120919	21368	1	71
315	7.8854	414.01211799357	0.0121179935698024	18982	1	77
61	0.9997	415.215041106199	0.215041106199124	67577	1	86
67	1.01186666666667	415.215358693414	0.215358693414089	55162	1	82
73	1.02401666666667	415.216429855916	0.216429855916317	36214	1	70
303	7.42026666666667	415.97155593305	0.971555933050013	10028	1	69
296	7.39893333333333	415.971711556508	0.971711556507785	9632	1	70
300	7.41093333333333	415.972243876572	0.972243876571895	10104	1	70
286	7.36293333333333	415.972723861648	0.972723861647978	7815	1	72
292	7.38693333333333	415.975271781826	0.975271781825541	9522	1	74
289	7.37226666666667	415.976224336219	0.976224336219389	8533	1	62
325	7.9094	416.01090448214	0.0109044821398356	7682	1	59
485	8.36286666666667	416.379819894852	0.379819894852119	5166	1	56
766	18.0164	416.400606146684	0.400606146684311	4197	1	54
569	8.78251666666667	419.984180857331	0.984180857331069	139091	1	89
519	8.62785	419.984327526785	0.984327526784966	52644	1	86
609	8.88816666666667	419.984379933387	0.984379933386606	155068	1	89
582	8.81868333333333	419.984610467104	0.984610467104176	152561	1	89
507	8.57986666666667	419.985021082107	0.985021082107323	44943	1	85
535	8.69051666666667	419.985220572776	0.985220572776484	70386	1	88
746	9.56996666666667	419.985435944161	0.985435944161168	46215	1	88
744	9.5458	419.985987276408	0.985987276407684	37482	1	86
748	9.60711666666667	419.986481197377	0.986481197377259	41448	1	87
560	8.76251666666667	421.982671900027	0.98267190002656	123618	1	92
573	8.79185	421.982752274667	0.982752274667007	136345	1	88
747	9.58846666666667	421.98449312541	0.984493125409756	45549	1	87
745	9.5578	421.984577586866	0.984577586865555	43803	1	88
538	8.69985	423.954983347295	0.954983347295354	26647	1	78
530	8.67585	423.955319745621	0.955319745621296	23351	1	71
499	8.53453333333333	423.957589494172	0.957589494171657	12517	1	69
496	8.51936666666667	423.958587080856	0.958587080856148	11638	1	73
493	8.50336666666667	425.949414550325	0.94941455032523	8249	1	74
552	8.73585	425.953722127106	0.953722127106062	26591	1	79
547	8.72518333333333	425.954119543009	0.954119543009426	28045	1	80
531	8.67718333333333	425.954252754495	0.954252754494746	24127	1	78
520	8.63051666666667	425.955015364831	0.955015364831127	17221	1	79
587	8.82935	426.957875978772	0.957875978772222	4802	1	33
32	0.9092	429.099594304321	0.099594304320533	4534	1	34
290	7.37493333333333	429.248213521616	0.248213521615867	3398	1	70
304	7.42293333333333	429.249493174025	0.249493174025361	3712	1	70
106	1.10651666666667	432.289608525263	0.289608525263304	9011	1	33
370	8.00373333333333	433.006404168071	0.00640416807118527	1346003	1	97
376	8.01606666666667	433.007298937277	0.00729893727651643	1189259	1	97
352	7.96706666666667	433.007398767969	0.00739876796893668	1256671	1	97
341	7.94373333333333	433.007527077271	0.00752707727133384	690872	1	97
382	8.02823333333333	433.007536309496	0.0075363094962313	1066781	1	97
364	7.99156666666667	433.007556286659	0.00755628665876884	1444990	1	97
388	8.04056666666667	433.007648382469	0.00764838246851696	856267	1	97
346	7.95473333333333	433.007685281163	0.00768528116344669	974937	1	97
336	7.9324	433.00776714555	0.00776714555024682	409817	1	96
407	8.07856666666667	433.007821540644	0.00782154064381757	344827	1	96
401	8.0664	433.007867227613	0.00786722761273495	485107	1	96
395	8.05406666666667	433.008171339453	0.00817133945315618	670655	1	97
358	7.97923333333333	433.008279510724	0.00827951072432143	1340689	1	97
321	7.8974	435.993856559262	0.993856559262383	19846	1	72
424	8.11405	438.921029804855	0.921029804854697	23490	1	86
516	8.61851666666667	441.967137778637	0.967137778637493	12709	1	76
501	8.54653333333333	443.966936107861	0.966936107860931	9667	1	70
525	8.65451666666667	443.96940494474	0.969404944739608	14019	1	72
419	8.10305	446.849702771298	0.849702771298155	13363	1	72
438	8.14105	446.84990241971	0.849902419710475	11554	1	72
433	8.13021666666667	446.8514381563	0.851438156300446	15501	1	75
444	8.15305	446.853114260158	0.853114260158179	10975	1	70
761	15.7032166666667	447.358640377684	0.358640377684139	2421	1	35
588	8.83201666666667	449.958801729405	0.958801729405195	91553	1	93
532	8.67851666666667	449.959148259072	0.959148259072492	55377	1	90
548	8.72651666666667	449.959317259065	0.959317259065472	66885	1	91
615	8.9015	449.959478231401	0.959478231400738	103408	1	92
539	8.70251666666667	449.959626985065	0.959626985065029	59756	1	92
570	8.78385	449.959653762895	0.959653762894618	77209	1	91
596	8.85468333333333	449.960036969	0.960036969000214	105075	1	93
557	8.74785	449.960116210987	0.960116210986598	72028	1	91
511	8.59451666666667	449.960383619462	0.960383619462448	27506	1	88
492	8.49536666666667	449.960489529647	0.960489529646793	15811	1	85
750	9.68011666666667	449.961681303328	0.96168130332768	22909	1	88
508	8.58253333333333	449.961813646597	0.961813646597363	25168	1	88
494	8.50736666666667	449.963617996034	0.963617996033747	18101	1	87
602	8.86666666666667	450.964258326772	0.964258326771983	15384	1	78
542	8.71451666666667	450.966908341633	0.966908341633143	8922	1	75
574	8.79318333333333	450.968713241641	0.968713241641012	12283	1	75
575	8.79451666666667	462.032840169034	0.0328401690343867	17070	1	65
603	8.868	467.969819867139	0.969819867139336	78318	1	88
621	8.92433333333333	467.970492211033	0.970492211032763	86218	1	88
749	9.66145	467.971966714492	0.971966714492055	33893	1	86
628	8.97833333333333	467.972162111413	0.972162111413411	100954	1	92
610	8.8895	467.974923831878	0.974923831878016	86670	1	87
558	8.74918333333333	471.944742573897	0.944742573897315	7273	1	59
412	8.08956666666667	480.931436675956	0.931436675955524	66325	1	90
445	8.15438333333333	486.852262224089	0.852262224088577	15558	1	75
23	0.8862	488.400328976076	0.400328976075627	53645	1	88
9	0.849866666666667	488.405428264849	0.405428264849206	21190	1	84
15	0.870033333333333	489.408880110341	0.408880110340874	17086	1	75
107	1.10785	496.346384088469	0.346384088468824	15127	1	52
425	8.11538333333333	504.89548609513	0.895486095129911	24029	1	80
371	8.00506666666667	515.010501688054	0.0105016880535231	1646579	1	97
353	7.9684	515.011359784128	0.0113597841282171	1573341	1	97
377	8.0174	515.011369716123	0.0113697161233404	1518331	1	97
383	8.02956666666667	515.011400826863	0.011400826863337	1290010	1	97
342	7.94506666666667	515.011606529342	0.0116065293416341	917373	1	97
389	8.0419	515.011625728469	0.0116257284689709	1110736	1	97
365	7.9929	515.011673767802	0.0116737678024492	1704143	1	97
402	8.06773333333333	515.011713392196	0.0117133921964978	526498	1	96
347	7.95606666666667	515.011744550426	0.011744550426215	1276529	1	97
408	8.0799	515.011745272973	0.011745272973485	375499	1	95
337	7.93373333333333	515.012050678792	0.0120506787924342	502151	1	96
359	7.98056666666667	515.012165203992	0.0121652039920264	1781628	1	97
396	8.0554	515.012539499925	0.0125394999253103	781544	1	97
24	0.887533333333333	516.431402841349	0.431402841348813	106827	1	90
27	0.8957	516.431567171525	0.43156717152533	89559	1	89
33	0.9132	516.432044076923	0.43204407692258	71103	1	91
16	0.871366666666667	516.43253164882	0.432531648820145	110789	1	91
17	0.8727	517.438971147171	0.438971147171287	38374	1	81
458	8.20255	536.171900563793	0.171900563793088	13161	1	70
25	0.888866666666667	544.464543935217	0.464543935216852	69598	1	87
10	0.852533333333333	545.475031984385	0.475031984384827	17568	1	75
108	1.10918333333333	550.63748405478	0.637484054779975	31003	1	15
114	1.12301666666667	550.640653297235	0.640653297234849	20021	1	20
439	8.14238333333333	552.817679494955	0.817679494955087	10462	1	58
426	8.11671666666667	552.819857592354	0.819857592354083	10653	1	62
413	8.0909	562.935164613645	0.935164613644929	83629	1	87
18	0.874033333333333	572.502364117455	0.502364117454817	21801	1	71
28	0.897033333333333	573.504400288292	0.504400288291777	8804	1	43
13	0.862033333333333	573.510211443409	0.510211443408593	8741	1	56
928	19.3828166666667	577.531593702672	0.531593702671898	7214	1	40
29	0.898366666666667	580.553452705945	0.553452705944892	7042	1	13
372	8.0064	597.013933043851	0.0139330438506704	1204252	1	97
343	7.9464	597.014969473164	0.0149694731642285	633656	1	96
384	8.0309	597.015051745755	0.015051745755386	856072	1	96
378	8.01873333333333	597.015151119047	0.0151511190465499	1035899	1	97
354	7.96973333333333	597.015166918544	0.0151669185441961	1139867	1	97
409	8.08123333333333	597.01537473605	0.0153747360500347	229626	1	93
348	7.9574	597.015450465063	0.0154504650631679	906725	1	96
366	7.99423333333333	597.015470871964	0.0154708719637711	1271092	1	97
390	8.04323333333333	597.015591875366	0.0155918753661126	687692	1	96
403	8.06906666666667	597.015621663509	0.0156216635094779	326520	1	94
360	7.9819	597.015875790109	0.0158757901086801	1273550	1	97
397	8.05673333333333	597.016414883332	0.0164148833317768	508522	1	95
736	9.45696666666667	600.993337077923	0.993337077923456	15171	1	84
420	8.10438333333333	602.930901763272	0.930901763272345	23627	1	78
732	9.44763333333333	602.983774588129	0.983774588128654	26823	1	85
739	9.4743	602.985906852765	0.985906852765424	24120	1	88
722	9.42213333333333	602.986555892802	0.986555892801675	25570	1	84
737	9.45963333333333	602.988407427366	0.988407427366042	28166	1	87
727	9.43546666666667	602.988410703772	0.988410703772274	25044	1	88
740	9.4823	602.991748704995	0.991748704995416	21795	1	87
741	9.4863	604.988544524998	0.988544524997678	12376	1	81
427	8.11805	610.861512871809	0.861512871809055	22734	1	67
30	0.8997	629.211025155133	0.211025155132916	22306	1	58
775	18.5403666666667	639.592112696192	0.592112696191975	3232	1	22
743	9.51046666666667	660.06218362467	0.0621836246702969	19823	1	82
738	9.4623	660.065757352384	0.0657573523841393	21746	1	77
774	18.4343833333333	663.467209176138	0.467209176137885	16037	1	82
770	18.3822166666667	663.469909079696	0.469909079696095	12087	1	77
772	18.4118833333333	663.47059764947	0.470597649469937	14734	1	79
767	18.32355	663.475419845791	0.475419845791066	6349	1	59
3	0.69505	664.478031612367	0.478031612366635	6215	1	58
421	8.10571666666667	668.902854889442	0.90285488944221	36355	1	78
373	8.00773333333333	679.018221030094	0.0182210300937413	976079	1	96
355	7.97106666666667	679.018972582065	0.0189725820653166	938412	1	96
379	8.02006666666667	679.019033298665	0.019033298665363	811419	1	96
385	8.03223333333333	679.019236467451	0.019236467451492	672314	1	95
349	7.95873333333333	679.019424378072	0.0194243780719034	733961	1	96
367	7.99556666666667	679.019686795803	0.0196867958027269	1036701	1	96
391	8.04456666666667	679.019813878371	0.0198138783708828	516513	1	95
361	7.98323333333333	679.019867302711	0.0198673027113045	1036510	1	96
309	7.54393333333333	679.112803433611	0.112803433610793	15524	1	90
611	8.89083333333333	679.118074508246	0.118074508245513	8406	1	75
697	9.33548333333333	697.119043329611	0.119043329610804	56940	1	93
658	9.16416666666667	697.119607269057	0.119607269056814	31740	1	89
646	9.10265	697.121043529628	0.121043529628082	27590	1	89
664	9.19815	697.121567137805	0.121567137804732	33753	1	89
641	9.07866666666667	697.123021401716	0.123021401715732	24949	1	90
629	8.98233333333333	697.12581308301	0.125813083010144	15170	1	86
635	9.03066666666667	697.129653254587	0.129653254587197	18323	1	87
637	9.04266666666667	697.152734887725	0.152734887725387	18947	1	88
719	9.41396666666667	701.973424105111	0.973424105111008	19780	1	80
620	8.91883333333333	701.974187668617	0.974187668617219	15004	1	79
728	9.43813333333333	703.96316565245	0.963165652450243	42440	1	88
733	9.44896666666667	703.963836664413	0.963836664413179	38401	1	86
712	9.3993	703.965316232727	0.965316232726536	29687	1	83
604	8.87066666666667	703.96754746904	0.967547469039573	21367	1	84
566	8.77451666666667	703.969132438012	0.969132438011684	13473	1	74
583	8.82001666666667	703.969433988434	0.969433988433707	20842	1	78
616	8.90283333333333	703.969486445662	0.969486445662028	25995	1	83
622	8.92566666666667	703.986660802182	0.9866608021822	20328	1	81
723	9.42346666666667	705.963465195131	0.96346519513088	28985	1	79
713	9.40063333333333	705.966797463136	0.966797463136118	25314	1	76
597	8.856	705.969454721964	0.969454721963984	11993	1	74
768	18.3517166666667	708.524990451393	0.524990451393364	12239	1	81
773	18.4158833333333	708.52901676353	0.529016763529512	23699	1	87
769	18.3702166666667	708.561440149653	0.561440149653322	15349	1	83
700	9.34481666666667	715.127299271536	0.127299271536344	152656	1	93
690	9.29681666666667	715.128089094936	0.128089094936172	133747	1	92
705	9.37263333333333	715.12826889184	0.128268891839525	150161	1	93
724	9.4248	715.129029420822	0.129029420821894	172677	1	91
677	9.25148333333333	715.129058749383	0.129058749383489	103176	1	92
683	9.27415	715.129646985298	0.129646985297654	115970	1	90
643	9.09066666666667	715.129792799939	0.129792799939196	19902	1	85
662	9.19148333333333	715.130978115475	0.130978115475045	55506	1	89
651	9.12666666666667	715.136618544736	0.136618544735711	29167	1	85
665	9.20081666666667	715.183948815697	0.183948815697136	62929	1	90
675	9.23948333333333	716.124810620645	0.124810620645121	41849	1	87
655	9.15215	716.125221274785	0.125221274785304	19899	1	78
693	9.30881666666667	716.125965785846	0.125965785845892	56138	1	87
701	9.34748333333333	716.126752560754	0.126752560754085	59171	1	87
684	9.27548333333333	716.127303279845	0.12730327984525	49843	1	81
706	9.3753	716.127694537982	0.127694537981711	59760	1	87
673	9.22748333333333	716.130203194402	0.130203194401702	40300	1	85
666	9.20348333333333	716.131536216869	0.131536216869449	30252	1	81
691	9.29948333333333	716.175556093889	0.175556093888986	52171	1	86
696	9.32348333333333	717.133763507278	0.133763507278104	16629	1	77
669	9.21548333333333	737.115898191174	0.115898191173869	17256	1	84
678	9.26348333333333	737.117570469374	0.117570469373845	25095	1	89
688	9.28748333333333	737.118599133079	0.11859913307876	26674	1	87
707	9.37796666666667	743.018319270123	0.0183192701231292	5804	1	65
617	8.90416666666667	743.024559958956	0.0245599589555923	26536	1	85
612	8.89216666666667	743.031132894311	0.0311328943109856	24025	1	83
618	8.9055	759.039915225839	0.0399152258394224	29571	1	74
591	8.84135	759.041077613554	0.0410776135541937	22789	1	69
414	8.09221666666667	761.027892743982	0.0278927439816243	57714	1	77
714	9.40196666666667	761.035784504602	0.0357845046019065	33903	1	75
734	9.4503	761.038115860548	0.038115860548487	34107	1	75
608	8.88283333333333	761.038206500678	0.0382065006775747	23715	1	77
619	8.90683333333333	761.039029787797	0.0390297877971761	25167	1	74
725	9.42613333333333	761.039108447474	0.0391084474738363	37398	1	75
623	8.92833333333333	761.043443383294	0.0434433832939476	27677	1	78
576	8.79585	761.044178787437	0.0441787874372039	17108	1	67
415	8.09355	767.936815050778	0.936815050777909	14353	1	33
14	0.8647	777.258156824979	0.25815682497921	18487	1	66
31	0.901033333333333	778.253176765503	0.253176765502531	19853	1	44
626	8.955	779.053360269259	0.0533602692590875	10408	1	71
794	19.0916666666667	782.745608715682	0.745608715681783	9037	1	46
780	19.0105	794.734207736718	0.734207736717508	9340	1	61
842	19.188	794.736541377332	0.736541377331605	32902	1	71
812	19.1278333333333	794.739945651875	0.739945651874791	22998	1	65
795	19.093	794.743036946587	0.74303694658704	18482	1	61
800	19.1036666666667	795.745084067068	0.745084067067751	11837	1	40
824	19.1518333333333	795.745329346684	0.745329346684116	16121	1	52
843	19.1893333333333	796.750205028761	0.750205028761457	21723	1	64
854	19.212	796.750851806599	0.750851806599371	22572	1	68
825	19.1531666666667	796.752984316024	0.752984316024367	16695	1	60
872	19.2485	796.753659840721	0.753659840720957	27785	1	72
836	19.176	796.754839062236	0.754839062235874	18763	1	64
877	19.2604833333333	796.757682940407	0.75768294040688	29798	1	74
883	19.2728166666667	796.788334490714	0.788334490714078	31353	1	75
598	8.85733333333333	804.941863048229	0.941863048228811	41043	1	86
553	8.73851666666667	804.947425195992	0.947425195992082	15657	1	77
571	8.78518333333333	804.948166044221	0.948166044220898	26495	1	80
784	19.0461666666667	806.745727088309	0.745727088309309	11639	1	64
584	8.82135	806.94534411907	0.945344119070114	23540	1	76
633	9.00666666666667	807.023744217915	0.0237442179154641	21776	1	81
844	19.1906666666667	808.754292182141	0.754292182141285	33453	1	71
813	19.1291666666667	808.754397050084	0.754397050084322	21089	1	59
779	18.9983333333333	808.755059085149	0.755059085148559	6485	1	52
796	19.0943333333333	808.755910948229	0.755910948229371	15733	1	54
860	19.2243333333333	809.758028980089	0.758028980088511	20444	1	59
837	19.1773333333333	809.760223026684	0.760223026683775	18097	1	54
873	19.2498333333333	810.766133032423	0.766133032422545	27784	1	70
790	19.0795	810.770216255644	0.770216255644186	7707	1	31
814	19.1305	818.745568671431	0.745568671431329	15634	1	53
818	19.1398333333333	818.748692578594	0.748692578593932	14621	1	53
801	19.105	818.752346633523	0.752346633523416	14680	1	51
845	19.192	820.755652364029	0.755652364028606	41886	1	71
592	8.84401666666667	820.964822941733	0.964822941733132	14855	1	77
815	19.1318333333333	821.759242818804	0.759242818803955	18106	1	52
848	19.2	821.764402409478	0.764402409477611	22952	1	59
788	19.0701666666667	821.766480002252	0.766480002252479	10625	1	54
884	19.27415	822.763625899459	0.763625899459498	58408	1	78
855	19.2133333333333	822.764662070994	0.764662070994063	43873	1	72
830	19.164	822.765443469523	0.765443469523461	25846	1	66
819	19.1411666666667	822.77045713488	0.770457134879734	23501	1	62
802	19.1063333333333	822.771805131124	0.771805131123642	17693	1	59
777	18.9578333333333	822.779428371069	0.779428371068775	5085	1	36
593	8.84668333333333	822.954441309977	0.954441309977369	27294	1	86
585	8.82268333333333	822.957223348737	0.957223348736647	28027	1	80
572	8.78651666666667	822.95870751093	0.958707510930026	23703	1	79
820	19.1425	823.77563333305	0.77563333305045	17710	1	46
806	19.1156666666667	823.775886481157	0.775886481157499	13648	1	35
791	19.0808333333333	823.777266847438	0.777266847437886	11024	1	35
831	19.1653333333333	823.778127893781	0.778127893781175	21266	1	51
5	0.7962	823.785499095452	0.78549909545211	7894	1	59
900	19.3089833333333	823.807228903673	0.807228903673263	30647	1	67
866	19.2364833333333	824.776141579166	0.776141579166165	20618	1	61
889	19.2849833333333	824.779910091078	0.779910091077795	29816	1	67
901	19.3103166666667	824.782436256043	0.782436256042615	37567	1	74
856	19.21465	824.783451556262	0.783451556261753	21078	1	58
838	19.1786666666667	824.783982224305	0.783982224305305	16050	1	53
919	19.3574833333333	824.787318127404	0.787318127404205	36089	1	76
589	8.83468333333333	824.944096800279	0.944096800278658	27834	1	82
599	8.85866666666667	824.950569605745	0.950569605744704	28230	1	77
902	19.31165	825.791560222685	0.791560222685234	24277	1	58
577	8.79851666666667	826.922732484707	0.922732484707012	23858	1	84
559	8.75051666666667	826.934469309588	0.934469309587712	15776	1	75
613	8.89483333333333	826.935336319647	0.935336319647377	23981	1	83
781	19.0261666666667	834.770768651789	0.770768651788899	9054	1	44
807	19.117	834.771486268921	0.771486268921308	17366	1	48
826	19.1545	834.77312056387	0.773120563869611	23429	1	53
778	18.9796666666667	834.775021411046	0.7750214110456	7291	1	37
808	19.1183333333333	835.776979632555	0.776979632555026	10695	1	35
861	19.2256666666667	835.77735071498	0.777350714979548	21984	1	51
827	19.1558333333333	835.778093899658	0.778093899658188	15281	1	46
786	19.0581666666667	835.785618501452	0.785618501452177	7014	1	34
867	19.2378166666667	836.781567263767	0.781567263767442	31902	1	67
857	19.2159833333333	836.782838205114	0.782838205114331	27741	1	66
849	19.2013333333333	836.78414273269	0.784142732689816	23352	1	61
816	19.1331666666667	836.784554429206	0.78455442920631	13797	1	46
803	19.1076666666667	836.78563731546	0.785637315459667	10335	1	36
785	19.0501666666667	836.787476360861	0.787476360861433	6550	1	32
828	19.1571666666667	836.789586469871	0.789586469871438	15889	1	53
906	19.3209833333333	837.787518274587	0.787518274586546	23135	1	61
832	19.1666666666667	837.788575481156	0.788575481156045	13007	1	35
874	19.2511666666667	837.790637801008	0.790637801007847	22965	1	56
903	19.3129833333333	838.802560104705	0.802560104704526	23361	1	62
858	19.2173166666667	846.76946091273	0.769460912730324	28450	1	67
792	19.0835	846.769752042695	0.769752042694677	12613	1	52
782	19.0341666666667	846.771008956007	0.771008956007449	9410	1	53
839	19.18	846.77215504575	0.772155045750196	23787	1	62
804	19.109	846.777408524766	0.777408524766429	15812	1	52
787	19.0621666666667	846.779077893535	0.779077893535259	11125	1	57
809	19.1196666666667	847.777859654525	0.777859654524946	13106	1	31
789	19.0741666666667	847.777915499108	0.77791549910819	10448	1	42
829	19.1585	847.779077205865	0.779077205865406	14369	1	39
868	19.23915	848.780446390517	0.780446390516659	47884	1	72
875	19.2525	848.780903335583	0.780903335583389	53549	1	72
859	19.21865	848.782485430445	0.782485430445149	44345	1	70
817	19.1345	848.784051950117	0.784051950116577	20521	1	54
833	19.168	848.785518248227	0.785518248226708	27522	1	59
783	19.0381666666667	848.786152065002	0.786152065001829	10045	1	45
810	19.121	848.787142135897	0.787142135897057	18216	1	49
846	19.1933333333333	848.787672139243	0.787672139242886	34949	1	66
797	19.0956666666667	848.788179487751	0.788179487750654	14425	1	45
850	19.2026666666667	849.791313003808	0.791313003808227	24676	1	58
798	19.097	849.795523752766	0.795523752765689	9958	1	27
890	19.2863166666667	850.795068715997	0.79506871599699	46738	1	71
885	19.2754833333333	850.795573279285	0.795573279284781	43997	1	71
912	19.3329833333333	850.797598454626	0.797598454626495	54950	1	76
869	19.2404833333333	850.798678617073	0.798678617073165	32840	1	65
851	19.2039833333333	850.798944191878	0.798944191878491	23973	1	58
799	19.0983333333333	850.802882435418	0.802882435418041	8730	1	30
811	19.1223333333333	850.804253527031	0.804253527030596	10825	1	33
793	19.0861666666667	850.805957658227	0.805957658227271	8395	1	32
895	19.2969833333333	851.79988640605	0.79988640604995	29795	1	61
891	19.28765	851.80554941653	0.80554941652963	31073	1	63
907	19.3223166666667	851.805605349665	0.805605349664802	35484	1	65
878	19.2618166666667	851.806753766146	0.806753766146358	27843	1	57
892	19.2889833333333	851.849060019446	0.849060019445687	30057	1	59
19	0.8767	852.26829460474	0.268294604739935	19046	1	62
904	19.3143166666667	852.812875027268	0.812875027267751	20399	1	55
913	19.3343166666667	852.815502674897	0.815502674896607	23276	1	61
936	19.4323166666667	852.853934121833	0.853934121833163	22985	1	77
920	19.3588166666667	853.816908372937	0.816908372937178	21788	1	44
931	19.40015	853.824820116623	0.824820116622959	17858	1	67
862	19.227	860.794550707952	0.794550707951544	14546	1	48
847	19.19465	862.802604121629	0.802604121629088	14399	1	48
870	19.2418166666667	862.802632639354	0.802632639353646	21073	1	57
921	19.36015	864.814471558257	0.814471558256628	24918	1	58
908	19.32365	864.817050825432	0.817050825431579	21642	1	55
879	19.26315	864.817102483392	0.817102483391523	15147	1	46
624	8.931	868.945128608188	0.945128608187815	13049	1	75
863	19.2283333333333	872.785314391294	0.785314391293696	26388	1	60
871	19.24315	874.795030420415	0.795030420415401	38891	1	69
834	19.1693333333333	874.797480764134	0.79748076413432	21200	1	60
880	19.2644833333333	874.802882056784	0.802882056784483	43947	1	71
852	19.2053166666667	874.804105576276	0.80410557627556	27121	1	65
864	19.2296666666667	875.805189495103	0.805189495102809	24232	1	55
896	19.2983166666667	875.807385167882	0.807385167881989	32332	1	64
909	19.3249833333333	876.811733224926	0.811733224926343	61581	1	78
835	19.1706666666667	876.818659289612	0.818659289612242	15845	1	47
853	19.20665	876.81870554136	0.818705541359691	24262	1	56
910	19.3263166666667	877.81837607277	0.81837607277032	37854	1	69
917	19.34765	877.820149019634	0.820149019634073	38843	1	79
881	19.2658166666667	877.825572934348	0.825572934348202	29277	1	61
886	19.2768166666667	878.828191692437	0.828191692437144	22380	1	51
911	19.32765	878.830472391265	0.830472391264607	32160	1	63
876	19.2551666666667	878.831288123732	0.831288123732293	19406	1	55
925	19.3708166666667	878.83170730464	0.831707304639735	37453	1	73
897	19.29965	879.832740678194	0.832740678193886	23616	1	38
914	19.33565	879.840935835084	0.840935835084224	23858	1	46
929	19.3854833333333	880.845749427341	0.845749427341161	15720	1	51
915	19.3369833333333	880.847630622217	0.847630622216684	13480	1	35
937	19.4363166666667	880.849084998968	0.849084998967896	16549	1	63
939	19.4628166666667	880.850087412464	0.850087412464291	15041	1	62
887	19.27815	890.833730370414	0.83373037041406	9724	1	29
926	19.3734833333333	891.836930589595	0.836930589595227	9107	1	34
922	19.3614833333333	892.853798628858	0.85379862885793	9122	1	28
930	19.38815	892.853911817285	0.853911817284825	9689	1	37
933	19.4189833333333	892.85590185499	0.855901854990407	10321	1	39
821	19.1438333333333	896.788766135275	0.788766135274841	22030	1	56
822	19.1451666666667	898.802545110701	0.802545110700862	23212	1	53
882	19.26715	900.817489916226	0.817489916226009	38965	1	66
823	19.1465	900.821189113904	0.821189113903642	15948	1	48
893	19.2903166666667	901.819802347224	0.819802347224368	25613	1	63
898	19.3009833333333	901.823115847131	0.823115847131476	27103	1	63
840	19.1813333333333	902.840421792407	0.840421792407483	17522	1	47
899	19.30365	903.835910929474	0.83591092947438	29813	1	62
918	19.35165	903.839918439255	0.839918439255257	30128	1	73
894	19.29165	904.845146471407	0.845146471407134	22673	1	51
905	19.31565	904.846976489251	0.846976489250778	26424	1	54
916	19.33965	905.853713430314	0.853713430313746	25524	1	52
923	19.3628166666667	906.861896843822	0.861896843821796	17354	1	32
940	19.4668166666667	907.876473018914	0.876473018914112	15074	1	46
942	19.4821333333333	907.886021336433	0.886021336433487	13984	1	48
943	19.4941333333333	908.88693666641	0.886936666409952	11097	1	53
865	19.231	926.833899477722	0.833899477722298	15557	1	35
841	19.1826666666667	926.834285229443	0.834285229443253	12611	1	36
805	19.1103333333333	926.837623437562	0.837623437562343	7619	1	31
888	19.2794833333333	930.868874067878	0.868874067878437	8472	1	28
924	19.36415	930.871485225839	0.871485225839251	11916	1	38
927	19.37615	930.872994004432	0.872994004431916	12467	1	51
934	19.42165	931.871429215155	0.871429215155104	8148	1	37
935	19.4243166666667	932.883839992596	0.883839992596336	9804	1	36
938	19.4548	932.886553216237	0.886553216236507	10641	1	54
932	19.41215	932.888032434316	0.888032434316074	9474	1	48
694	9.31148333333333	1072.20326181129	0.203261811289849	17560	1	81
742	9.49846666666667	1072.244006515	0.244006514996499	21612	1	88
