1334
44	0.714666666666667	50.9638647957995	0.963864795799481	431	1	75
276	1.47895	50.9643018646258	0.96430186462576	159	1	26
289	1.53778333333333	50.964555558869	0.96455555886903	120	1	17
60	0.772666666666667	50.9647794050811	0.964779405081053	390	1	55
76	0.823	50.964868382575	0.964868382574991	418	1	63
77	0.824333333333333	52.9611760811742	0.961176081174216	118	1	47
96	0.92065	52.9614410670872	0.961441067087208	90	1	17
61	0.774	52.9617858820037	0.961785882003724	135	1	44
1248	19.5815833333333	57.9755120903117	0.975512090311696	1037	1	22
1239	19.5219166666667	57.9757976374835	0.97579763748351	428	1	33
251	1.4063	57.9759721280681	0.975972128068101	338	1	0
1270	19.6834166666667	57.9761322919954	0.976132291995363	2350	1	0
177	1.09681666666667	58.837433860121	0.837433860121024	14963	1	83
204	1.1568	58.8385197284927	0.838519728492656	18156	1	87
215	1.21546666666667	59.0147175544382	0.0147175544382208	17923	1	86
225	1.2728	59.0147483577165	0.0147483577165133	13873	1	83
1230	18.98295	59.3866071177085	0.386607117708536	6330	1	86
1153	13.3363333333333	59.4279036125086	0.427903612508572	796	1	58
1139	12.1154166666667	59.4862429765787	0.486242976578737	305	1	32
507	5.44601666666667	59.4880295668614	0.488029566861435	306	1	4
1121	10.9533166666667	59.4997912661801	0.499791266180118	268	1	35
504	5.20836666666667	59.5004117066309	0.500411706630949	277	1	12
1147	12.9421833333333	59.5288404119086	0.528840411908611	396	1	37
1235	19.2806	59.5329053785182	0.53290537851823	472	1	27
1116	10.5966833333333	59.5875790730667	0.587579073066664	484	1	26
1155	13.4398166666667	59.5877025366553	0.587702536655314	499	1	50
1233	19.14545	59.612615947508	0.612615947508033	779	1	34
1138	11.97525	59.626622044881	0.626622044881024	635	1	50
1220	18.3385	59.6775113351512	0.677511335151188	644	1	48
1221	18.43665	59.7070747518821	0.707074751882089	863	1	49
369	3.57415	59.743718554081	0.743718554081028	637	1	17
533	6.9081	59.7446499921401	0.744649992140133	740	1	44
1195	16.12965	59.7769104102071	0.776910410207059	863	1	46
1128	11.3423	59.8359366606796	0.835936660679558	796	1	57
1227	18.7753	59.8501065657912	0.850106565791151	901	1	60
1192	15.9634833333333	59.8750502616341	0.875050261634115	737	1	54
1117	10.7433333333333	59.8766686117526	0.876668611752592	710	1	52
525	6.45945	59.8897795469205	0.889779546920465	613	1	41
1177	14.7735666666667	59.9367679713239	0.936767971323903	715	1	47
1232	19.0891166666667	59.9379327872283	0.937932787228277	931	1	48
1181	15.10655	59.9618061928023	0.9618061928023	923	1	55
1160	13.5888166666667	59.9681558654235	0.968155865423533	892	1	55
1124	11.1613	59.968220991157	0.968220991156976	998	1	33
1236	19.46825	59.9708096118786	0.970809611878622	1178	1	59
1224	18.5384833333333	59.9742683247826	0.974268324782628	938	1	56
1304	19.8019	59.9856922820461	0.985692282046131	3176	1	35
315	2.22856666666667	59.9858158731205	0.985815873120458	2090	1	47
1330	19.9312333333333	59.9858600087544	0.985860008754372	7600	1	72
332	3.05435	59.9858658990117	0.985865899011685	606	1	12
321	2.57936666666667	59.9858690824739	0.985869082473933	1370	1	41
318	2.41171666666667	59.9859113237389	0.985911323738939	1334	1	32
327	2.89135	59.9860303557263	0.986030355726278	870	1	41
21	0.2222	59.9961249307982	0.99612493079821	14730	1	73
1199	16.43945	60.0013365433135	0.00133654331351352	765	1	57
551	7.2224	60.002751726342	0.00275172634202647	926	1	52
1166	13.8574666666667	60.0050813668751	0.00508136687512462	837	1	51
1162	13.6988	60.0073714452597	0.00737144525972866	803	1	56
1215	18.07535	60.0077104919159	0.00771049191585149	812	1	62
145	1.03798333333333	60.0168382697906	0.016838269790604	663	1	0
205	1.15946666666667	60.0176612345544	0.0176612345543674	677	1	46
178	1.09815	60.0176896694729	0.0176896694729081	798	1	0
216	1.21813333333333	60.0178131670142	0.0178131670141966	876	1	21
1109	10.2488666666667	60.0288392831907	0.0288392831907274	807	1	57
1219	18.237	60.0333496752309	0.033349675230923	759	1	51
603	7.63255	60.1078230866196	0.107823086619611	448	1	0
1119	10.8983166666667	60.132440741066	0.132440741065999	770	1	42
842	8.55115	60.2813954466664	0.281395446666437	480	1	43
355	3.40048333333333	60.2949752994446	0.294975299444587	557	1	43
1103	9.98971666666667	60.6908877724632	0.690887772463228	303	1	21
1211	17.7307	60.707927518942	0.707927518941979	542	1	21
496	5.04121666666667	60.7089502219706	0.708950221970625	113	1	0
412	3.79846666666667	60.7130721356967	0.713072135696699	152	1	8
808	8.22066666666667	60.9937203051951	0.993720305195147	208	1	0
830	8.34733333333333	60.993878973383	0.993878973382984	349	1	30
1228	18.9023	61.0039521372262	0.0039521372261575	500	1	23
1178	14.8269	61.0054552976507	0.00545529765066277	541	1	25
1210	17.6098833333333	61.0104710001202	0.0104710001202264	553	1	36
217	1.2208	61.018407846389	0.0184078463890387	145	1	0
206	1.16213333333333	61.0191265594697	0.0191265594697043	140	1	0
778	8.12618333333333	61.0218904296508	0.02189042965081	110	1	0
447	4.4046	61.0219448523849	0.0219448523848769	103	1	0
1136	11.8074333333333	61.8020932185547	0.802093218554724	46545	1	97
303	1.61843333333333	61.8026334259212	0.802633425921186	141928	1	97
1305	19.8032333333333	61.8034021855455	0.80340218554548	403903	1	97
1287	19.7425666666667	61.8038444193579	0.803844419357873	314431	1	97
104	0.935316666666667	61.988793583409	0.988793583408963	96022	1	96
779	8.12751666666667	61.9889465319185	0.988946531918458	14375	1	94
1264	19.6554166666667	61.9891380662016	0.989138066201591	260985	1	97
254	1.41978333333333	61.9891405731172	0.989140573117204	68918	1	96
1288	19.7439	61.9892380727611	0.989238072761147	352869	1	97
1289	19.7452333333333	62.985187964766	0.985187964765956	1560	1	67
2	0.0972166666666667	62.99133512151	0.991335121509998	1911	1	68
1318	19.8625666666667	62.9913462443978	0.991346244397768	1463	1	77
1250	19.5935833333333	63.9922913792274	0.992291379227396	1068	1	78
52	0.757833333333333	66.9594463808467	0.959446380846714	761	1	60
82	0.861983333333333	66.9595286251318	0.959528625131796	7089	1	88
68	0.808333333333333	66.9595535229256	0.959553522925631	8726	1	91
262	1.43595	66.9597998120648	0.959799812064801	378	1	61
83	0.863316666666667	68.9562804767945	0.95628047679449	3129	1	80
69	0.809666666666667	68.9567295419037	0.95672954190367	2797	1	81
126	0.995316666666667	68.9945070020147	0.9945070020147	3046	1	86
314	2.21056666666667	68.9950761460341	0.99507614603408	156	1	34
1126	11.2708	68.9955282243128	0.995528224312807	39	1	0
365	3.56081666666667	68.9955485571128	0.995548557112798	77	1	13
232	1.30346666666667	68.9960351770055	0.996035177005467	240	1	18
53	0.759166666666667	68.9960682194135	0.99606821941353	823	1	44
1231	19.06495	75.9617821573154	0.961782157315426	44	1	0
1249	19.5869166666667	75.9624048530554	0.962404853055389	89	1	30
1279	19.7277333333333	75.9626788950546	0.962678895054623	75	1	33
397	3.6873	76.9700664129697	0.970066412969686	571	1	69
453	4.44941666666667	76.9704317071874	0.970431707187373	2939	1	90
763	8.09668333333333	76.9707121233017	0.970712123301695	1552	1	72
1125	11.2176333333333	77.9682938648898	0.968293864889787	294	1	69
1204	16.8506	77.9694107305745	0.969410730574495	432	1	79
1216	18.1221833333333	77.9699968296766	0.969996829676631	425	1	77
1301	19.7884	77.9701924974069	0.970192497406927	1246	1	77
239	1.3648	78.6814088801404	0.68140888014041	703949	1	6
118	0.979316666666667	78.918015631092	0.918015631092004	4900	1	0
1265	19.6594166666667	78.9189279048744	0.918927904874423	30210	1	64
1280	19.7290666666667	78.9190261146188	0.919026114618759	35586	1	46
818	8.266	78.919051249306	0.91905124930598	30185	1	21
209	1.1888	78.9191235363166	0.919123536316619	142997	1	9
179	1.09946666666667	78.9191621125636	0.919162112563569	180170	1	3
827	8.32466666666667	78.9191707114872	0.919170711487155	30903	1	13
220	1.2448	78.9193577727124	0.919357772712416	224029	1	5
281	1.49495	78.9195183771692	0.919518377169226	2052814	1	3
255	1.42111666666667	78.9196686200601	0.919668620060108	1769917	1	2
856	8.68146666666667	78.9592429301692	0.959242930169196	26590	1	53
1148	12.98585	78.9637750473384	0.963775047338416	8954	1	79
1240	19.5365833333333	78.9671189275829	0.967118927582902	7970	1	60
492	4.79556666666667	79.9570572277341	0.957057227734083	38	1	0
1131	11.62445	79.9573536220333	0.957353622033281	54	1	0
992	9.05011666666667	79.9576563820768	0.957656382076806	13	1	0
1251	19.5975833333333	80.9168956920729	0.916895692072913	18948	1	45
146	1.03931666666667	80.9169871798469	0.916987179846913	306620	1	6
180	1.1008	80.9170760920499	0.917076092049939	186870	1	0
799	8.1895	80.9171240259615	0.917124025961485	25254	1	0
256	1.42245	80.9174491807616	0.917449180761565	1859521	1	5
23	0.53735	80.9247634817389	0.92476348173885	15343	1	50
84	0.86465	82.7045554311405	0.70455543114052	5080274	1	98
70	0.811	82.7051337575302	0.705133757530191	5101603	1	98
323	2.71253333333333	82.9542473194963	0.954247319496275	4150	1	88
26	0.606833333333333	82.9543132245636	0.954313224563634	356	1	28
54	0.7605	82.9545775678315	0.954577567831464	1153445	1	97
85	0.865983333333333	82.954703693987	0.954703693986971	5294959	1	98
71	0.812333333333333	82.9548374869617	0.954837486961651	5167396	1	98
257	1.42378333333333	82.9548621433484	0.95486214334835	194988	1	95
119	0.98065	83.4138363094699	0.413836309469858	104128	1	94
97	0.921983333333333	83.7233216736318	0.723321673631816	10002	1	80
86	0.867316666666667	83.95824019782	0.958240197820047	9079	1	80
120	0.981983333333333	84.0070398007117	0.00703980071172339	7603	1	71
98	0.923316666666667	84.3258468969945	0.32584689699452	337318	1	96
99	0.92465	84.6356911133245	0.635691113324469	2516342	1	97
100	0.925983333333333	84.6730767789316	0.673076778931602	2466748	1	97
72	0.813666666666667	84.6955598018769	0.695559801876911	2518374	1	97
87	0.86865	84.6965523076199	0.696552307619868	2563175	1	97
55	0.761833333333333	84.9516124651039	0.951612465103949	547289	1	96
258	1.42511666666667	84.951816762963	0.951816762962977	74343	1	93
88	0.869983333333333	84.9518831937885	0.95188319378849	2463484	1	97
73	0.815	84.9519014638051	0.951901463805115	2733490	1	97
121	0.983316666666667	85.3367690618785	0.336769061878485	590663	1	96
101	0.927316666666667	85.5218644032566	0.521864403256615	2191	1	45
102	0.92865	86.9542043296455	0.95420432964552	14988	1	85
74	0.816333333333333	86.9546231688884	0.954623168888403	15212	1	83
89	0.871316666666667	86.9549381271645	0.954938127164496	15803	1	83
771	8.11151666666667	87.0036627496467	0.00366274964665081	790	1	0
9	0.130866666666667	87.0037433061922	0.00374330619223429	2360	1	60
285	1.52428333333333	87.0038904714441	0.0038904714440946	2144	1	33
793	8.1735	87.0039343329059	0.0039343329058994	787	1	0
823	8.298	87.0040404419132	0.00404044191316189	1347	1	0
1267	19.6700833333333	91.9572195677708	0.957219567770849	58	1	0
1253	19.6114166666667	91.9575039214205	0.957503921420482	39	1	0
11	0.141716666666667	91.95769103362	0.957691033620023	144	1	13
286	1.52695	94.9133667221986	0.913366722198631	6095	1	85
329	2.92401666666667	94.9241292013832	0.924129201383209	2403	1	87
127	0.999316666666667	94.9654528613054	0.965452861305351	7638	1	92
65	0.788666666666667	94.9661445199059	0.96614451990591	12632	1	93
47	0.7295	94.9663227385392	0.966322738539176	144170	1	96
529	6.71743333333333	94.9798620507412	0.979862050741218	5145	1	92
783	8.14083333333333	94.9804251648471	0.980425164847105	7436	1	86
532	6.86758333333333	94.9806376286771	0.98063762867713	5662	1	91
803	8.20285	94.980691692458	0.980691692457995	7987	1	88
1290	19.7465666666667	94.9812023015222	0.981202301522188	91388	1	95
473	4.54541666666667	94.9813645627062	0.981364562706233	9982	1	93
784	8.14216666666667	94.9831021835942	0.983102183594241	7419	1	86
1150	13.0376833333333	94.9882187497592	0.988218749759184	24333	1	95
268	1.46428333333333	96.9117880141611	0.911788014161132	30893	1	92
1242	19.55975	96.9600274666454	0.960027466645442	15520	1	88
1256	19.62475	96.9602379566716	0.960237956671619	35804	1	91
269	1.46561666666667	96.9605511012232	0.960551101223174	28469	1	92
999	9.06495	96.9606629294455	0.960662929445462	20510	1	91
1234	19.1761	96.9663965830954	0.966396583095445	5043	1	89
1243	19.5610833333333	96.9691995074672	0.969199507467238	17077	1	89
1159	13.5579833333333	96.9703418842675	0.97034188426754	7919	1	92
497	5.04521666666667	97.9302141056561	0.930214105656091	209	1	26
503	5.1937	97.9305624738832	0.930562473883228	163	1	35
418	4.11593333333333	97.931402652578	0.931402652578001	225	1	34
1	0.0917	97.9317124195944	0.931712419594433	788	1	68
511	5.61735	97.9318611091104	0.931861109110443	152	1	32
526	6.46478333333333	97.9328262121863	0.932826212186256	132	1	38
1123	11.0019833333333	98.948142934089	0.948142934088978	1518	1	77
1130	11.3846166666667	98.948749757906	0.948749757905958	1461	1	76
1172	14.3421	98.9492843951729	0.949284395172853	1568	1	76
34	0.672833333333333	98.9493491921625	0.949349192162487	136616	1	96
28	0.619	98.9495270722725	0.949527072272531	254713	1	96
1179	15.0417166666667	98.9499808929144	0.949980892914382	1606	1	79
290	1.53911666666667	98.9543322210814	0.954332221081401	1936	1	55
1257	19.6260833333333	99.9259189243758	0.925918924375793	730	1	44
270	1.46695	99.9260793830896	0.926079383089586	1087	1	36
1244	19.5624166666667	99.9261150153376	0.926115015337572	503	1	20
785	8.1435	99.9262578104767	0.926257810476727	249	1	23
582	7.53805	99.9262778592879	0.926277859287865	515	1	37
602	7.62721666666667	99.926288619874	0.926288619873972	676	1	69
804	8.20418333333333	99.926447544533	0.926447544532977	251	1	30
1102	9.96338333333333	99.9327237332054	0.932723733205364	313	1	26
1271	19.68475	100.926205647263	0.926205647263103	833	1	36
1298	19.7735666666667	100.926291848595	0.926291848595255	908	1	43
56	0.763166666666667	100.932967450363	0.932967450362554	16558	1	87
35	0.678166666666667	100.94554894509	0.945548945089683	42176	1	94
29	0.623	100.945810083144	0.94581008314421	76199	1	95
111	0.949983333333333	100.946080134644	0.946080134643793	7978	1	81
271	1.46828333333333	110.908771596779	0.908771596778735	1743	1	51
305	1.64178333333333	110.908916143329	0.908916143329378	2002	1	79
252	1.4103	110.908969886333	0.90896988633304	991	1	61
117	0.973983333333333	110.975106669724	0.975106669724369	5467	1	91
93	0.907316666666667	110.975131538581	0.975131538581309	10607	1	93
153	1.05265	110.975758992401	0.975758992401396	3150	1	80
1142	12.3502333333333	111.014570232354	0.014570232354032	379	1	44
1168	13.9706166666667	111.015982375221	0.0159823752208013	449	1	54
1197	16.3039666666667	111.017318948494	0.017318948494264	392	1	51
287	1.52961666666667	112.906842568536	0.906842568535836	2102	1	73
272	1.46961666666667	112.90700496591	0.907004965910048	2158	1	63
57	0.7645	112.985679620224	0.985679620223792	3297	1	82
81	0.85665	113.925393613133	0.925393613132826	3775	1	93
1176	14.6650833333333	114.933300165968	0.933300165967665	630	1	76
1137	11.9605833333333	114.933664306986	0.933664306986159	939	1	82
1272	19.6860833333333	114.933854919894	0.933854919894245	4382	1	80
1258	19.6274166666667	114.933994903196	0.933994903196023	3097	1	78
527	6.48278333333333	114.934227232838	0.934227232838211	814	1	69
94	0.911316666666667	114.934894715266	0.934894715266253	1287	1	86
1161	13.6293166666667	114.935169064743	0.935169064743391	778	1	80
1174	14.46475	115.07435004298	0.0743500429798019	653	1	71
1132	11.6841	115.07526016137	0.0752601613696839	919	1	82
578	7.52471666666667	115.919904729647	0.919904729646589	608	1	71
597	7.60321666666667	115.920416509554	0.920416509553988	766	1	61
413	3.91028333333333	115.928712262593	0.928712262593365	2688	1	91
95	0.915316666666667	115.928728499386	0.928728499385812	79942	1	96
3	0.09855	116.574041012738	0.574041012738022	142728	1	96
4	0.1012	116.928770764216	0.928770764216111	162685	1	96
1273	19.6874	116.928846430819	0.928846430819235	93537	1	95
821	8.28333333333333	116.928848989049	0.928848989049115	8053	1	92
809	8.222	116.928855407674	0.928855407674078	9389	1	85
259	1.42645	116.928872562302	0.928872562302217	42125	1	95
780	8.13018333333333	116.929239681855	0.929239681855336	9554	1	90
1245	19.56375	117.928040585471	0.928040585470612	3202	1	80
1259	19.62875	117.92837393786	0.928373937860428	8113	1	89
1291	19.7479	117.928601282198	0.928601282197704	11183	1	91
282	1.49895	118.927685158419	0.927685158418527	4117	1	82
1306	19.8045666666667	118.92794621052	0.927946210519565	20731	1	86
304	1.62376666666667	118.92805269645	0.928052696450479	3421	1	83
17	0.1672	118.928217310817	0.928217310816649	11003	1	89
1198	16.3411333333333	119.016652360341	0.0166523603409843	6060	1	88
208	1.17946666666667	119.016870118637	0.0168701186372004	1910	1	81
5	0.103866666666667	119.017294812895	0.0172948128954289	12167	1	85
523	6.39378333333333	121.027836530952	0.0278365309522144	470	1	43
1180	15.0563833333333	125.02375865154	0.0237586515395805	308	1	45
297	1.58311666666667	126.519542244867	0.519542244867438	415946	1	94
122	0.98465	126.904616949041	0.904616949040715	109236	1	0
58	0.765833333333333	126.90486017524	0.904860175239918	200944	1	7
41	0.699833333333333	126.905087694918	0.905087694918222	96567	1	12
564	7.39605	126.905146899048	0.905146899048233	126742	1	18
556	7.31656666666667	126.905199322044	0.905199322043785	126046	1	7
651	7.88853333333333	126.905255924326	0.905255924326127	82144	1	93
781	8.13285	126.905388043242	0.905388043242084	175800	1	86
707	7.99285	127.001359990512	0.00135999051163083	26340	1	94
739	8.05218333333333	127.001628594339	0.00162859433903861	39778	1	94
243	1.39011666666667	128.901673606856	0.90167360685615	38763	1	93
237	1.34078333333333	128.901772588143	0.901772588143075	10968	1	92
226	1.27413333333333	128.901797177663	0.901797177662644	2803	1	72
265	1.45078333333333	128.901981789278	0.901981789277698	120189	1	95
288	1.53228333333333	128.902179461694	0.902179461693748	175435	1	96
334	3.07451666666667	129.090780127239	0.0907801272388724	178	1	12
522	6.36295	132.899421670045	0.899421670045399	2285	1	79
62	0.776666666666667	132.923443017424	0.923443017423722	13322	1	90
1122	10.98415	133.012301828551	0.0123018285505339	824	1	55
1213	17.8788666666667	133.016761290905	0.0167612909054071	421	1	35
1167	13.9076333333333	134.893705477001	0.893705477000935	1692	1	76
800	8.19216666666667	134.893725810522	0.893725810521602	2196	1	69
567	7.44688333333333	134.894038871667	0.894038871667021	2450	1	66
1156	13.4588166666667	134.894264371312	0.894264371311721	1891	1	77
831	8.35983333333333	134.894549964712	0.894549964711501	3056	1	81
516	6.07831666666667	134.894727270397	0.894727270397141	19606	1	93
822	8.28866666666667	134.894743274179	0.894743274178836	2943	1	83
7	0.116033333333333	134.894942689611	0.89494268961073	7006	1	83
291	1.54178333333333	134.895068115622	0.895068115622252	41718	1	93
1194	16.07315	134.986520979963	0.986520979963245	1498	1	76
1222	18.4578166666667	134.987256382289	0.987256382288876	960	1	65
244	1.39145	135.893832447361	0.893832447360666	1555	1	64
579	7.52738333333333	135.894630069065	0.894630069065158	1304	1	76
300	1.59778333333333	135.894925349979	0.894925349979218	5120	1	86
277	1.48028333333333	135.895640563307	0.89564056330741	3652	1	70
313	2.07241666666667	135.909817254642	0.909817254642491	16328	1	93
325	2.75803333333333	136.477239190617	0.477239190616729	82853	1	95
1157	13.46415	136.891703602738	0.891703602737778	2606	1	77
8	0.121366666666667	136.891722833123	0.891722833123339	5400	1	78
580	7.53005	136.891753460003	0.891753460002548	4839	1	79
594	7.58988333333333	136.892143231573	0.892143231573243	5049	1	79
454	4.45341666666667	136.892319523602	0.892319523601685	5638	1	81
1246	19.5664166666667	136.936178346284	0.936178346283725	5795	1	77
1260	19.6300833333333	136.936578714779	0.936578714779245	7000	1	75
1292	19.7492333333333	136.937144243156	0.937144243156155	7886	1	74
505	5.32636666666667	137.891526893651	0.891526893650536	1795	1	77
233	1.30613333333333	138.019981212658	0.0199812126581094	1651	1	66
652	7.88985	141.017693371212	0.0176933712122889	272582	1	97
715	8.00768333333333	141.017771853729	0.0177718537287888	498042	1	97
683	7.94835	141.018006890847	0.0180068908466922	533329	1	97
539	7.1404	143.110678933455	0.11067893345529	1005	1	78
1118	10.7806666666667	146.024059688865	0.0240596888648383	238	1	61
934	8.90311666666667	146.984992996969	0.984992996968856	249	1	4
1175	14.5244166666667	148.971939249291	0.971939249290756	200	1	20
1201	16.5457833333333	148.973100307449	0.973100307448959	176	1	12
328	2.90601666666667	150.888673115982	0.888673115982016	1833	1	78
1237	19.4829166666667	152.033341964606	0.0333419646055972	494	1	36
1098	9.7919	152.035405299337	0.0354052993366452	267	1	31
294	1.56178333333333	153.868640777489	0.868640777489077	1357	1	62
772	8.11285	154.946854472663	0.946854472663233	1594	1	61
1295	19.7587333333333	154.947422668705	0.947422668704888	9574	1	87
1254	19.6154166666667	154.947463939327	0.947463939326781	6951	1	87
1247	19.5690833333333	154.947933460182	0.94793346018173	4845	1	81
1203	16.8069333333333	154.957594222834	0.957594222834132	3874	1	87
308	1.67443333333333	155.86554017283	0.865540172830322	824	1	63
1212	17.8032	156.94529917582	0.945299175820281	780	1	34
557	7.32056666666667	156.989680527152	0.98968052715162	6359	1	90
123	0.985983333333333	156.995350132309	0.995350132308744	5493	1	83
154	1.05398333333333	156.995846709032	0.995846709031781	3551	1	77
103	0.929983333333333	156.996218524723	0.99621852472265	14243	1	91
356	3.41848333333333	157.862921429547	0.862921429546702	821	1	61
241	1.37945	158.84506837707	0.845068377070419	10599	1	93
517	6.09296666666667	158.938523980804	0.938523980804092	1932	1	82
464	4.47875	159.939018979811	0.939018979811181	3475	1	83
242	1.38478333333333	160.843394507039	0.84339450703942	22446	1	93
1135	11.7927666666667	160.892871744269	0.892871744268717	318	1	23
273	1.47095	160.934989732852	0.934989732852472	20007	1	89
234	1.3088	160.937363066834	0.937363066833854	15815	1	91
306	1.6511	162.841326772465	0.841326772465408	16092	1	92
36	0.683666666666667	168.989604257535	0.989604257534893	959	1	16
1114	10.5351833333333	169.0136290758	0.0136290757999404	848	1	43
92	0.90065	171.011111267251	0.0111112672506408	23806	1	93
161	1.06731666666667	171.012438271298	0.0124382712982083	29086	1	90
129	1.00865	171.012664761843	0.0126647618426716	57816	1	93
112	0.951316666666667	171.012712856468	0.012712856467914	169822	1	95
1317	19.8557333333333	171.149681544578	0.149681544577589	739	1	27
162	1.06865	172.01409452944	0.0140945294395465	2784	1	70
113	0.95265	172.015050304037	0.0150503040370609	15022	1	85
130	1.00998333333333	172.015921993132	0.0159219931320251	5632	1	74
333	3.05968333333333	172.84125818239	0.84125818238951	850	1	57
1106	10.1590333333333	172.955992847638	0.955992847638413	4441	1	86
1261	19.6314166666667	172.957788980253	0.957788980253355	19257	1	88
1302	19.7924	172.958268172446	0.95826817244631	30948	1	93
1277	19.7169166666667	172.958418120034	0.958418120034167	29766	1	93
1169	13.99495	173.007648466707	0.00764846670733732	14108	1	93
114	0.953983333333333	173.009687480958	0.00968748095843353	9062	1	80
115	0.95665	173.017592034106	0.0175920341061442	7892	1	84
322	2.61671666666667	174.839388861315	0.839388861315456	1422	1	58
520	6.14981666666667	174.888704134032	0.888704134032338	11095	1	87
637	7.81586666666667	174.889584124135	0.88958412413524	78665	1	93
619	7.71053333333333	174.890427687484	0.890427687484106	7669	1	75
993	9.05145	174.935726407444	0.935726407444463	1998	1	33
196	1.14081666666667	176.849663313053	0.849663313052844	7224	1	81
595	7.59388333333333	176.849811670936	0.84981167093602	6683	1	86
351	3.247	176.849861023042	0.849861023042394	3075	1	74
370	3.57548333333333	176.849874197725	0.849874197725484	8662	1	85
211	1.2008	176.850567284504	0.850567284503626	8857	1	88
169	1.08198333333333	176.85097779808	0.850977798080095	12473	1	88
263	1.43995	177.8705163595	0.870516359499703	10218	1	92
493	4.91371666666667	177.900098226362	0.900098226362218	719	1	57
801	8.19483333333333	178.843836657748	0.843836657748056	7532	1	82
1238	19.4975833333333	178.843976211091	0.843976211090933	3089	1	71
833	8.3705	178.844369305225	0.844369305225371	13012	1	84
568	7.44821666666667	178.844495059113	0.84449505911337	11426	1	82
817	8.25933333333333	178.844675569273	0.844675569272795	10987	1	88
197	1.14215	178.844686070525	0.844686070524858	191811	1	95
583	7.53938333333333	178.844694298019	0.844694298019249	101122	1	94
170	1.08331666666667	178.844825159925	0.844825159924739	292457	1	96
851	8.63748333333333	178.844849790911	0.844849790911411	30049	1	92
137	1.02331666666667	178.845008411241	0.845008411241395	85261	1	94
825	8.31266666666667	178.84589340896	0.845893408959739	12338	1	89
1154	13.3606666666667	178.889872573005	0.889872573004595	2350	1	67
1186	15.4700166666667	178.981604730472	0.981604730472242	1779	1	60
1252	19.6015833333333	178.98225515347	0.982255153470192	3712	1	65
1307	19.8059	178.985656006231	0.985656006231153	2712	1	38
171	1.08465	179.844307571442	0.844307571441561	30722	1	90
198	1.14348333333333	179.844774821503	0.844774821502568	18970	1	89
212	1.20346666666667	179.844876901991	0.844876901991398	20060	1	91
335	3.09051666666667	179.84490452784	0.844904527840185	3744	1	82
105	0.93665	180.840630815922	0.840630815921742	6439	1	81
12	0.14305	180.841171321034	0.841171321034182	1827	1	42
569	7.45088333333333	180.841992959989	0.841992959989227	11166	1	89
387	3.64746666666667	180.84225565305	0.842255653050387	164251	1	95
802	8.1975	180.84273135446	0.842731354460312	11575	1	88
138	1.02465	180.84273366281	0.842733662810389	93763	1	94
584	7.54071666666667	180.842771937605	0.842771937604567	96809	1	94
172	1.08598333333333	180.842935339857	0.842935339856723	264561	1	95
524	6.45011666666667	180.859130380424	0.859130380424233	191881	1	96
598	7.60455	181.842668991353	0.842668991353008	12516	1	88
173	1.0873	181.842797491811	0.842797491810529	29160	1	92
615	7.68386666666667	181.842806053317	0.842806053317446	14265	1	92
213	1.20613333333333	181.843050275508	0.84305027550775	19281	1	92
199	1.14481666666667	181.843193776228	0.843193776228105	19243	1	91
486	4.60908333333333	182.825474027627	0.82547402762745	7078	1	78
223	1.26213333333333	182.826846877434	0.826846877434406	17117	1	90
200	1.14615	182.841747874296	0.841747874296431	11579	1	79
214	1.2088	182.84236822456	0.842368224560488	9975	1	82
174	1.08863333333333	182.842810208918	0.842810208917854	21363	1	85
530	6.7321	182.849562842614	0.849562842613665	7147	1	86
528	6.52311666666667	182.853525880173	0.853525880173351	7241	1	87
90	0.880666666666667	182.879403432639	0.87940343263881	75872	1	95
63	0.779333333333333	182.879459232081	0.87945923208062	53289	1	94
78	0.827	182.880280455711	0.880280455711414	67603	1	95
366	3.56348333333333	183.005115771933	0.00511577193307744	16891	1	88
245	1.39278333333333	184.823430372238	0.823430372237652	15879	1	88
266	1.45478333333333	184.862620341948	0.862620341947547	14848	1	90
106	0.937983333333333	184.876339846354	0.876339846353545	30768	1	92
91	0.886	184.877488946086	0.877488946085577	28821	1	94
79	0.82965	184.878019348288	0.878019348288262	28743	1	92
6	0.106533333333333	186.104476306676	0.104476306676332	1504	1	54
219	1.23813333333333	186.860556905325	0.860556905325268	6605	1	88
450	4.43458333333333	187.100069433332	0.10006943333201	549	1	20
246	1.39411666666667	187.105096186228	0.105096186227854	4341	1	75
155	1.05531666666667	188.897090283497	0.897090283496823	24317	1	93
66	0.792666666666667	188.898739292032	0.898739292031621	10870	1	93
643	7.8737	188.938768377176	0.938768377175705	2963	1	70
794	8.17483333333333	188.940893714684	0.940893714684165	3968	1	76
773	8.11418333333333	188.941928083712	0.941928083712412	3419	1	75
295	1.57111666666667	190.885069051733	0.885069051733126	6299	1	81
284	1.51761666666667	190.886306197208	0.886306197207659	6646	1	83
310	1.93975	190.886319063905	0.886319063905148	3973	1	79
201	1.14748333333333	190.89463699849	0.894636998489602	31732	1	91
644	7.87503333333333	194.905438957281	0.905438957280523	5647	1	73
805	8.20683333333333	194.905818706395	0.905818706394768	8192	1	84
224	1.26746666666667	194.906238752583	0.906238752583164	5488	1	82
576	7.51271666666667	194.906271166606	0.906271166605706	10985	1	89
608	7.64853333333333	194.906767053692	0.906767053692164	10741	1	85
542	7.17306666666667	194.906878704419	0.906878704418858	7298	1	87
819	8.27	194.907342557955	0.907342557954877	9666	1	88
1183	15.1972	194.919928393615	0.919928393614725	51547	1	94
307	1.65643333333333	196.852374475572	0.852374475571594	6805	1	76
37	0.685	196.863550016358	0.86355001635792	11443	1	61
31	0.636516666666667	196.863715144058	0.863715144058432	11454	1	77
13	0.144383333333333	196.884137305167	0.884137305167059	9097	1	55
1226	18.7606333333333	196.904388651679	0.904388651679113	6158	1	76
1115	10.5820166666667	196.905105848116	0.905105848116079	10940	1	84
1090	9.62458333333333	196.980935762378	0.980935762378465	5312	1	75
1113	10.3430333333333	196.993051770712	0.993051770712412	9844	1	83
326	2.7727	197.957040239444	0.957040239443728	1661	1	63
353	3.27783333333333	198.797857071885	0.797857071885034	3549	1	72
38	0.687666666666667	198.860807000335	0.860807000334916	4844	1	50
32	0.64185	198.861511047861	0.861511047860688	6685	1	73
1196	16.1731333333333	198.953026856155	0.953026856155418	958	1	39
420	4.14526666666667	199.001668622198	0.00166862219793984	1195	1	56
1217	18.1690166666667	199.167176236223	0.167176236222616	981	1	43
331	3.00901666666667	199.16853123252	0.168531232519626	3037	1	72
1134	11.7457666666667	199.169775524198	0.169775524197661	870	1	35
319	2.41705	199.170808428115	0.170808428114952	2882	1	70
298	1.5871	199.815426267692	0.815426267692175	1575	1	61
67	0.796666666666667	199.851776892315	0.851776892315456	2438	1	84
371	3.57681666666667	199.85238874696	0.852388746959718	10685	1	78
521	6.19996666666667	200.851474886426	0.851474886425507	885	1	59
774	8.11551666666667	204.972014732658	0.972014732658124	3083	1	78
740	8.05351666666667	209.0046793559	0.00467935590006618	22939	1	91
292	1.54445	216.852330802882	0.852330802881767	3647	1	70
1241	19.5544166666667	216.853938656605	0.853938656604868	3196	1	75
18	0.172533333333333	216.854325364569	0.854325364569064	7927	1	83
360	3.50365	217.85212340735	0.852123407350149	2285	1	73
350	3.23233333333333	218.164667455053	0.164667455053291	1013	1	55
1108	10.2342	218.166993057903	0.166993057902687	372	1	18
235	1.31146666666667	218.167548817024	0.167548817023516	344	1	16
316	2.2379	218.167697571288	0.167697571287931	624	1	33
1094	9.7134	218.167830117921	0.167830117920602	346	1	22
185	1.11146666666667	219.176115008692	0.176115008692335	25088	1	44
1127	11.3049666666667	219.192005665332	0.192005665332459	20271	1	46
416	4.03078333333333	219.195037359164	0.195037359164246	24944	1	55
1207	17.2929	219.195244575087	0.195244575087202	16596	1	46
544	7.18508333333333	220.14628188946	0.146281889460425	4489	1	38
1193	15.97815	220.146361005754	0.146361005754329	3316	1	40
320	2.50638333333333	220.14841917436	0.148419174359617	3092	1	53
1187	15.5296833333333	220.188852254894	0.188852254894385	3463	1	40
1214	17.9032	220.19008110301	0.190081103010215	3003	1	37
1068	9.46691666666667	220.191656899428	0.191656899428494	4261	1	52
22	0.46135	220.194990096943	0.194990096943286	11827	1	70
747	8.06701666666667	223.020813386594	0.0208133865938294	123646	1	96
716	8.00901666666667	223.020826262386	0.020826262386322	334772	1	97
653	7.89118333333333	223.021090826869	0.0210908268689991	123024	1	96
684	7.94968333333333	223.021316797914	0.0213167979138973	416563	1	97
107	0.939316666666667	223.027949765961	0.0279497659606136	2448	1	49
1218	18.2191666666667	224.081204095901	0.0812040959011142	1468	1	55
1120	10.93865	224.082134405655	0.0821344056547559	1344	1	58
1189	15.62985	224.082648033317	0.0826480333172412	1149	1	55
193	1.12746666666667	224.083185660022	0.0831856600215417	2214	1	54
1173	14.4276	224.084261512267	0.084261512267318	1300	1	56
1296	19.7627333333333	225.18522621684	0.18522621684005	2179	1	31
59	0.767166666666667	226.830070907888	0.830070907887972	33283	1	91
108	0.94065	226.83017166951	0.830171669509866	99983	1	95
832	8.36515	226.830287978446	0.83028797844608	7154	1	87
572	7.47405	226.830579332661	0.83057933266079	10729	1	91
477	4.56875	226.830650466024	0.830650466023684	43411	1	93
75	0.817666666666667	226.830840560976	0.830840560975929	45200	1	94
375	3.58881666666667	226.830902349925	0.830902349924884	39335	1	94
42	0.703833333333333	226.83103561386	0.831035613860166	6578	1	69
456	4.46275	226.831069462225	0.8310694622254	42945	1	93
806	8.2095	226.831176044088	0.831176044087982	6098	1	86
585	7.54205	226.831412428913	0.83141242891341	33600	1	93
820	8.274	226.832174154649	0.832174154649493	6648	1	87
1324	19.9057333333333	227.201446324479	0.201446324479321	1469	1	3
14	0.145716666666667	227.202039426622	0.202039426622406	2318	1	4
147	1.04065	227.202772787855	0.202772787854769	17777	1	87
283	1.50295	227.211479397706	0.211479397705801	3542	1	75
395	3.67263333333333	227.829566353151	0.829566353150739	5007	1	89
361	3.51948333333333	227.830570688858	0.830570688858273	3337	1	88
609	7.65253333333333	227.830658788825	0.830658788824849	3837	1	85
506	5.40236666666667	227.842406477259	0.842406477259004	6841	1	91
786	8.14483333333333	228.933746484683	0.933746484682928	3857	1	64
490	4.6594	230.80987869373	0.809878693730241	2172	1	77
1319	19.8652333333333	232.924970051089	0.924970051088508	13320	1	83
1281	19.7304	232.925024718884	0.925024718883634	10550	1	77
1182	15.1502	233.152967922836	0.152967922835643	5732	1	80
116	0.959316666666667	233.154543179162	0.154543179161806	1318	1	10
1141	12.3247333333333	233.156009823065	0.156009823064977	4340	1	73
1165	13.8428	233.15619473453	0.156194734529748	5086	1	80
1188	15.5926833333333	233.924887966536	0.924887966535948	1395	1	56
317	2.24323333333333	233.949196949614	0.949196949614048	2337	1	68
1111	10.2847	234.871346117538	0.87134611753828	3986	1	66
1206	17.2557333333333	234.915502209044	0.915502209043893	3514	1	65
1171	14.3274333333333	235.169859769015	0.169859769015346	3766	1	66
231	1.2968	235.17024296549	0.170242965489791	4356	1	74
562	7.37606666666667	236.862061505024	0.862061505024002	1632	1	62
838	8.4105	236.896150681438	0.896150681438485	5687	1	82
1133	11.7214333333333	236.95134476741	0.951344767410092	6807	1	79
1145	12.4942166666667	236.951446849804	0.951446849803773	6047	1	76
253	1.41428333333333	238.752804718579	0.75280471857883	10866	1	82
1282	19.7317333333333	239.201688324675	0.201688324675075	5670	1	54
1268	19.6740833333333	239.202473011789	0.202473011789124	5411	1	74
337	3.10533333333333	239.913837423521	0.913837423521414	3864	1	71
311	2.01675	240.751702650722	0.751702650721597	5566	1	79
330	2.94518333333333	240.791565320118	0.791565320118337	3459	1	68
148	1.04198333333333	241.215963393907	0.215963393906719	3533	1	21
352	3.26833333333333	241.215965414554	0.215965414554177	2899	1	59
791	8.16283333333333	241.216378518113	0.216378518112663	361	1	9
1200	16.48945	241.217082238825	0.217082238825469	814	1	31
1310	19.8167333333333	241.217617939949	0.217617939949179	2867	1	12
457	4.46408333333333	241.217758957673	0.217758957672828	9541	1	78
1325	19.9070666666667	241.217811177585	0.217811177584764	4160	1	15
1190	15.6476666666667	241.218034551677	0.218034551677476	821	1	28
388	3.6488	241.767975513541	0.767975513540819	17125	1	86
227	1.27546666666667	241.768114733153	0.768114733153197	2248	1	58
474	4.55541666666667	241.768270654972	0.768270654972127	10191	1	89
362	3.52481666666667	241.768309401949	0.768309401948898	3969	1	76
403	3.74196666666667	241.769251617918	0.769251617917519	18112	1	88
301	1.60176666666667	242.789364531487	0.789364531487195	8772	1	88
274	1.47228333333333	242.790330379011	0.790330379011351	7645	1	81
293	1.54711666666667	242.790721880325	0.790721880324838	8670	1	86
228	1.2768	243.764973775589	0.764973775589056	3466	1	67
389	3.65013333333333	243.765703205837	0.765703205837013	28836	1	89
376	3.59015	243.765789274594	0.765789274593715	26415	1	88
458	4.46541666666667	243.765968072478	0.765968072478415	20341	1	89
414	3.91963333333333	244.77885990185	0.778859901850495	3645	1	76
358	3.47098333333333	245.762904490828	0.762904490827651	3212	1	80
377	3.59148333333333	245.764198718666	0.764198718665881	16191	1	87
459	4.46675	245.764279740879	0.764279740878948	11658	1	87
570	7.45355	246.782662829863	0.782662829862744	1822	1	67
645	7.87636666666667	246.982027851473	0.982027851472992	7106	1	85
741	8.05485	246.982055380132	0.982055380131726	11563	1	88
247	1.39545	250.145781771412	0.145781771412231	1750	1	15
813	8.23666666666667	253.216349687451	0.216349687451299	699	1	33
1311	19.8180666666667	253.217520255012	0.217520255011578	4101	1	13
15	0.148383333333333	253.217583892363	0.217583892363336	6314	1	29
1326	19.9084	253.217641892406	0.21764189240568	5275	1	17
1209	17.5952166666667	253.218139938131	0.218139938130918	1582	1	55
149	1.04331666666667	253.218452681834	0.21845268183435	2494	1	8
460	4.46808333333333	253.219055531577	0.219055531576629	2420	1	14
795	8.17616666666667	253.219504738198	0.219504738197571	667	1	8
1151	13.1231666666667	254.006652706793	0.00665270679286323	772	1	46
1053	9.36841666666667	254.007375872693	0.00737587269333062	8806	1	88
915	8.8573	254.00767150247	0.00767150247017412	2806	1	74
1041	9.2801	254.007859734359	0.00785973435932874	7015	1	84
980	9.02178333333333	254.007967856104	0.00796785610387474	3341	1	73
937	8.91661666666667	254.008240996322	0.00824099632157527	2934	1	68
876	8.7538	254.008496274885	0.00849627488508986	1916	1	62
545	7.18908333333333	254.009540122333	0.00954012233327717	1556	1	78
1327	19.9097333333333	254.220835696773	0.220835696773321	1379	1	3
448	4.40991666666667	254.221354069477	0.221354069476916	676	1	33
1006	9.09461666666667	255.009712267464	0.00971226746432308	2384	1	39
1283	19.7330666666667	255.23316197423	0.233161974230285	10367	1	14
150	1.04465	255.233208380449	0.23320838044927	10669	1	8
1312	19.8194	255.233300531274	0.233300531274466	14037	1	11
1205	17.1640833333333	255.233363844534	0.233363844533926	1744	1	50
1328	19.9124	255.233379363868	0.233379363868295	14985	1	21
461	4.46941666666667	255.233845970659	0.233845970658791	5761	1	0
1143	12.3555666666667	255.245409171914	0.245409171914361	2188	1	60
1202	16.6217833333333	255.247459511927	0.247459511926849	1478	1	45
1019	9.15526666666667	256.011943513595	0.0119435135950994	1378	1	49
1069	9.47241666666667	256.013739202356	0.0137392023556799	894	1	33
1163	13.7328	256.235351931653	0.235351931652872	965	1	35
151	1.04598333333333	256.236378529428	0.236378529427839	2032	1	8
1313	19.8207333333333	256.236423337076	0.236423337075848	3815	1	23
248	1.39678333333333	256.236756623618	0.236756623618191	946	1	6
1269	19.6780833333333	256.23769757171	0.237697571709987	2045	1	20
1144	12.43455	256.238516425332	0.238516425331795	1054	1	33
1185	15.3747	256.961217560033	0.961217560032537	1881	1	47
1158	13.5433166666667	258.920297563003	0.920297563002862	2018	1	50
338	3.11066666666667	259.920953323512	0.920953323512038	800	1	26
499	5.07038333333333	262.773983503685	0.773983503684747	2408	1	68
502	5.1402	262.774094521853	0.77409452185293	2521	1	69
390	3.65146666666667	262.775112326273	0.77511232627279	6735	1	69
478	4.57008333333333	262.775163148498	0.775163148497882	2794	1	56
404	3.7433	262.775642133101	0.775642133101258	7311	1	71
742	8.05618333333333	263.013130374915	0.0131303749151357	56835	1	94
675	7.93351666666667	263.013616642661	0.013616642660736	55841	1	94
465	4.48141666666667	264.771264953066	0.771264953066236	3676	1	64
364	3.55415	264.772823287051	0.772823287050642	4647	1	75
296	1.57643333333333	265.147319238476	0.147319238475575	3283	1	69
278	1.48295	265.147435987485	0.147435987485323	3616	1	75
39	0.690333333333333	265.148472733392	0.148472733392396	15244	1	87
1308	19.8085666666667	267.233961530628	0.233961530627937	2184	1	27
128	1.00331666666667	269.243738979019	0.243738979018815	1488	1	33
163	1.06998333333333	269.246412169901	0.246412169900736	1380	1	11
312	2.05441666666667	269.247897872086	0.247897872085787	1070	1	41
449	4.42791666666667	269.248379266321	0.248379266320626	1909	1	21
1284	19.7344	269.248615145341	0.248615145341262	2649	1	0
10	0.1362	270.251277356942	0.2512773569415	1134	1	6
109	0.941983333333333	270.935183329735	0.935183329734912	9182	1	75
782	8.13551666666667	270.943565124863	0.943565124862857	4861	1	81
1091	9.6394	271.033214305708	0.0332143057075314	2573	1	63
1322	19.8854	271.226268164802	0.22626816480232	1036	1	15
1225	18.5628166666667	273.883555269143	0.883555269143415	2165	1	65
638	7.8212	274.813735149671	0.813735149670606	9890	1	90
1140	12.1944	274.879578988956	0.879578988955927	3077	1	63
814	8.23933333333333	276.796654912703	0.796654912703445	3477	1	73
646	7.8777	276.798274829884	0.798274829884235	4568	1	65
509	5.55268333333333	279.230370597057	0.230370597057117	1336	1	49
27	0.612166666666667	279.917543082208	0.917543082208397	10972	1	83
1170	14.1676166666667	281.246080371925	0.246080371925018	930	1	8
324	2.7337	281.248235090255	0.248235090255037	1649	1	32
1320	19.8679	281.24839529684	0.24839529683976	6962	1	7
249	1.39811666666667	281.248450448386	0.248450448386279	2359	1	14
236	1.32611666666667	281.248549096696	0.248549096696308	2126	1	31
16	0.151033333333333	281.248740868416	0.248740868415609	8598	1	6
1274	19.6900666666667	281.248902731385	0.248902731385158	4157	1	6
1293	19.7505666666667	281.249072838974	0.24907283897403	4659	1	6
1309	19.8112333333333	282.251074548372	0.251074548372287	1715	1	11
385	3.62748333333333	282.256616317085	0.256616317085218	4867	1	81
124	0.987316666666667	283.261645335819	0.261645335819082	1445	1	12
810	8.22466666666667	283.263653770574	0.263653770573626	879	1	9
1321	19.8705666666667	283.264821364284	0.264821364283989	9026	1	5
1146	12.5507166666667	283.266177657072	0.266177657071864	1312	1	6
1294	19.7519	284.268197086656	0.268197086655675	1699	1	0
620	7.71453333333333	284.741258060489	0.741258060489145	15703	1	93
250	1.39945	284.741608625177	0.741608625177093	16688	1	88
639	7.83586666666667	284.742113401039	0.742113401039319	18250	1	93
275	1.47361666666667	284.742183452924	0.742183452923655	17036	1	89
834	8.37183333333333	286.737642025803	0.73764202580287	3567	1	69
628	7.7772	286.738770083711	0.738770083711074	34803	1	94
221	1.2488	286.738872228372	0.738872228371861	14439	1	90
363	3.53948333333333	286.738970128888	0.738970128888013	8089	1	86
573	7.48338333333333	286.739278704134	0.739278704134108	3539	1	81
156	1.05665	286.739457720001	0.739457720000587	24228	1	90
378	3.59281666666667	286.739827368741	0.739827368740976	20510	1	89
604	7.63386666666667	286.740192208373	0.740192208372548	14021	1	89
186	1.1128	286.740204187736	0.740204187736254	7866	1	79
210	1.19413333333333	286.740534261512	0.740534261512437	9936	1	90
764	8.09801666666667	286.975194631906	0.975194631905595	4482	1	67
515	5.88281666666667	288.737767329056	0.737767329055657	8350	1	89
157	1.05798333333333	288.737903069763	0.737903069762865	12350	1	89
430	4.20243333333333	288.738054109129	0.738054109129337	18646	1	93
419	4.1306	288.738356591721	0.738356591720844	16243	1	92
590	7.56538333333333	288.738546121253	0.73854612125308	5089	1	87
475	4.55941666666667	289.754128399236	0.754128399235981	11030	1	88
405	3.74463333333333	289.754188499791	0.754188499790985	11975	1	83
487	4.61306666666667	289.754250608261	0.754250608260747	12668	1	90
659	7.90351666666667	291.008049772146	0.00804977214596647	43642	1	93
691	7.96318333333333	291.008050694389	0.00805069438871442	44926	1	93
723	8.02251666666667	291.008238590288	0.00823859028798779	44138	1	93
367	3.56615	291.750657751206	0.75065775120629	6946	1	88
462	4.47075	291.753310354235	0.753310354235225	9003	1	86
559	7.34023333333333	292.773253328343	0.773253328343344	6890	1	83
435	4.25076666666667	293.018373676492	0.0183736764923879	4799	1	75
421	4.15061666666667	293.018559492672	0.0185594926719546	4376	1	58
443	4.35926666666667	293.019131305549	0.0191313055485125	11044	1	81
139	1.02598333333333	293.175890184634	0.175890184634284	24149	1	82
1266	19.6634	293.177646498609	0.177646498609363	4937	1	67
299	1.5911	293.179189029528	0.179189029528402	2126	1	58
874	8.74296666666667	294.050259093362	0.0502590933617171	819	1	31
1129	11.3666166666667	294.993028665811	0.993028665810527	3147	1	57
1184	15.2730333333333	295.010062191685	0.0100621916849377	5015	1	68
1323	19.9002333333333	295.225572745307	0.225572745306579	2658	1	38
994	9.05278333333333	296.028935289191	0.0289352891909402	16045	1	85
945	8.93145	296.029098058103	0.0290980581031022	10798	1	83
906	8.82896666666667	296.030187873221	0.0301878732208252	7252	1	84
1299	19.7775666666667	297.045232654366	0.0452326543659183	4148	1	45
469	4.50808333333333	304.690822891535	0.690822891534651	4720	1	77
379	3.59415	304.691785138116	0.691785138116245	5600	1	75
406	3.74596666666667	304.691964289338	0.691964289338046	7196	1	76
479	4.57141666666667	304.691996286671	0.691996286670758	4397	1	71
743	8.05751666666667	305.023930628774	0.0239306287735417	265798	1	96
708	7.99418333333333	305.024221318635	0.0242213186350568	715533	1	97
676	7.93485	305.024330964154	0.024330964153819	755067	1	97
647	7.87903333333333	305.025047322499	0.0250473224986081	34855	1	93
33	0.66	305.082070184238	0.0820701842378639	6999	1	58
1079	9.53941666666667	306.006583148741	0.00658314874141297	1080	1	32
744	8.05885	306.027172177952	0.0271721779516838	24500	1	91
709	7.99551666666667	306.027445480309	0.0274454803092681	59552	1	94
677	7.93618333333333	306.027849223382	0.0278492233820202	66084	1	94
455	4.45741666666667	306.688618747784	0.688618747783892	8356	1	86
480	4.57275	306.689079697858	0.689079697858006	11089	1	85
380	3.59546666666667	306.689777795095	0.689777795095381	12888	1	85
1329	19.91505	307.262454342379	0.262454342379215	1035	1	6
470	4.51208333333333	308.686915448019	0.686915448018624	7526	1	81
481	4.57408333333333	308.687200611708	0.687200611707908	11124	1	83
381	3.5968	308.687425705495	0.687425705495002	11753	1	80
391	3.6528	308.687430560901	0.68743056090068	14050	1	83
40	0.693	309.173867259623	0.173867259622853	7842	1	61
508	5.48968333333333	309.68512299022	0.685122990219668	1484	1	59
399	3.70196666666667	310.684329733672	0.6843297336722	6618	1	80
489	4.63506666666667	310.685355427106	0.685355427105605	5379	1	78
392	3.65413333333333	310.686479194247	0.686479194247113	6679	1	70
787	8.14616666666667	310.93588396255	0.935883962550292	3410	1	65
1285	19.7357333333333	311.16850083855	0.168500838550472	4927	1	42
51	0.752333333333333	311.169540943086	0.169540943085963	11283	1	67
935	8.90711666666667	313.043151598385	0.0431515983848385	2176	1	54
958	8.97595	313.044045152842	0.0440451528417043	2006	1	28
1223	18.5013166666667	313.92965435831	0.929654358310415	1939	1	61
1099	9.87855	314.931028651441	0.931028651441466	3447	1	59
629	7.78386666666667	316.732278731372	0.732278731371593	29256	1	93
309	1.7771	316.886167954259	0.886167954259179	2746	1	64
642	7.86835	318.011333893354	0.0113338933542764	4351	1	70
788	8.1475	318.012250835979	0.0122508359788185	3490	1	40
519	6.13513333333333	318.729443195153	0.729443195152612	6056	1	86
622	7.7252	320.727267731322	0.727267731322115	11803	1	90
611	7.66653333333333	320.72746528724	0.727465287239966	2782	1	68
633	7.79853333333333	320.738557391713	0.738557391712618	29515	1	94
959	8.97728333333333	322.044684579778	0.0446845797778792	4666	1	73
927	8.88696666666667	322.045261408208	0.0452614082075797	2302	1	55
1093	9.68206666666667	322.045924604522	0.0459246045224972	4423	1	79
1089	9.60973333333333	322.046801413229	0.0468014132287067	2236	1	67
1042	9.28276666666667	323.027899477158	0.0278994771580869	2528	1	53
302	1.60576666666667	325.184065946674	0.184065946674082	2246	1	43
1300	19.7815666666667	325.184439641519	0.184439641518622	4294	1	52
1262	19.6340833333333	325.184675035558	0.184675035558485	3219	1	44
372	3.57815	325.697009097566	0.69700909756591	2482	1	46
396	3.67796666666667	325.698765079156	0.698765079155748	2480	1	62
407	3.7473	325.700470239168	0.700470239168396	2634	1	46
995	9.05411666666667	325.996034478153	0.996034478153263	1406	1	39
501	5.12553333333333	327.694686434547	0.694686434547123	1990	1	64
471	4.51608333333333	327.696359646856	0.696359646856081	941	1	35
485	4.60241666666667	327.69732160219	0.697321602189618	2334	1	63
996	9.05545	327.953048103006	0.95304810300587	1237	1	32
960	8.97861666666667	327.953387388506	0.953387388506144	1107	1	16
1076	9.50925	327.954852967396	0.954852967395652	1268	1	30
938	8.91795	328.937312855363	0.937312855363189	3426	1	53
648	7.88036666666667	328.985277301914	0.985277301913698	9538	1	85
678	7.93751666666667	328.985497247951	0.985497247950946	15146	1	88
731	8.03735	328.985519853352	0.985519853351946	18724	1	90
510	5.58985	329.65756372877	0.657563728770242	2731	1	76
491	4.6774	329.695961212259	0.695961212259419	1431	1	51
1152	13.2506666666667	330.862251541278	0.862251541278056	2994	1	53
1164	13.7669666666667	331.067052718163	0.0670527181630405	2804	1	50
513	5.7275	332.722609869536	0.722609869536086	1377	1	59
514	5.83583333333333	332.728179296739	0.728179296738801	1993	1	71
267	1.45878333333333	334.725228355672	0.725228355672016	2641	1	69
422	4.15195	334.725925898415	0.72592589841463	3603	1	74
537	7.12573333333333	334.727092432703	0.727092432703273	1600	1	67
383	3.60746666666667	334.727310351458	0.727310351457618	2662	1	72
1049	9.34576666666667	336.022486564078	0.0224865640784628	688	1	11
415	3.92495	336.023896568715	0.023896568715486	4268	1	81
860	8.6948	336.024569126493	0.0245691264933043	1279	1	24
877	8.75513333333333	336.02505423714	0.0250542371402389	1533	1	28
423	4.15328333333333	336.025167462867	0.0251674628669889	5802	1	59
848	8.62281666666667	336.025251454163	0.0252514541632536	1004	1	28
424	4.15461666666667	337.024965503405	0.0249655034053262	1405	1	29
433	4.2296	337.029890085904	0.0298900859037872	1545	1	41
1314	19.8234	337.204197637929	0.20419763792853	4107	1	61
928	8.8883	338.039514192699	0.0395141926992437	107584	1	86
966	8.99078333333333	338.039951760229	0.0399517602294281	104046	1	86
547	7.19973333333333	338.040039523541	0.0400395235409405	29500	1	83
811	8.22733333333333	338.040098236459	0.0400982364593006	30209	1	82
577	7.51805	338.040368012794	0.040368012793806	87816	1	91
789	8.14883333333333	338.040800245351	0.0408002453505674	25535	1	80
755	8.08185	338.04114041308	0.041140413080484	14026	1	73
1107	10.2130333333333	338.061211373634	0.0612113736336255	9205	1	76
967	8.99211666666667	339.042170662742	0.0421706627419098	16193	1	66
898	8.8128	339.042770712335	0.0427707123352548	8455	1	61
812	8.23	339.04287723041	0.042877230410113	4677	1	61
929	8.88963333333333	339.043206083879	0.0432060838788857	13611	1	67
790	8.15016666666667	339.046565352311	0.0465653523108358	4741	1	54
1276	19.7075666666667	339.199493688369	0.199493688368591	4731	1	45
279	1.48561666666667	339.20004936754	0.200049367540316	2032	1	40
48	0.732166666666667	339.202172943243	0.202172943242829	12687	1	62
131	1.01131666666667	339.326841742857	0.326841742857255	1413	1	15
566	7.44155	340.043225829568	0.043225829567632	2044	1	55
49	0.734833333333333	340.205283344285	0.205283344285021	3200	1	33
558	7.32456666666667	341.10896393992	0.108963939920443	792	1	14
1332	19.9434	341.266634012909	0.266634012909094	1447	1	19
468	4.50141666666667	341.69202088615	0.692020886150431	6538	1	83
398	3.69263333333333	341.693270709856	0.693270709855653	15089	1	89
451	4.43858333333333	341.693297387985	0.693297387985297	6354	1	77
373	3.58081666666667	341.694340693368	0.69434069336836	13595	1	86
482	4.57541666666667	341.694633703295	0.694633703294983	5808	1	63
408	3.74863333333333	343.690781032337	0.690781032337384	28432	1	85
409	3.7513	344.692208677872	0.692208677871974	6981	1	74
748	8.06835	345.016143410219	0.0161434102186035	65193	1	92
717	8.01035	345.016535428843	0.0165354288427011	108611	1	94
654	7.89251666666667	345.016941052405	0.0169410524047748	61593	1	92
685	7.95101666666667	345.017498670127	0.017498670127452	104169	1	94
483	4.57675	345.687624468207	0.68762446820665	6155	1	65
498	5.04921666666667	345.688045315313	0.688045315312877	3469	1	67
1012	9.12428333333333	346.056556092967	0.0565560929665594	3928	1	69
1000	9.06628333333333	346.056911262063	0.0569112620627266	3114	1	65
1033	9.2351	346.057283442462	0.0572834424615394	3721	1	79
384	3.6128	346.690632312103	0.690632312103219	3516	1	73
30	0.627	346.736745885471	0.736745885471237	3662	1	58
1316	19.8409	351.218754198135	0.218754198134548	7309	1	82
1333	19.9474	351.222854964226	0.222854964225974	9803	1	86
386	3.64213333333333	352.675267227488	0.675267227488291	2418	1	66
466	4.48408333333333	352.677497414537	0.677497414537072	2451	1	63
43	0.707833333333333	353.201876831674	0.201876831673928	6989	1	54
586	7.54338333333333	354.034213944214	0.0342139442142866	2968	1	50
796	8.1775	354.034523260238	0.0345232602375063	1936	1	49
815	8.242	354.035972129845	0.0359721298453906	2444	1	59
374	3.58346666666667	354.673766122461	0.673766122460734	3168	1	64
401	3.72196666666667	354.674634141049	0.674634141048898	4097	1	76
484	4.57808333333333	354.674856125927	0.674856125927477	5409	1	73
1070	9.47375	354.951976548497	0.951976548497441	18216	1	77
765	8.09935	354.962662711405	0.962662711404846	3757	1	44
1023	9.18343333333333	355.018753505268	0.0187535052681937	6723	1	61
1061	9.40475	355.065381269224	0.0653812692237352	14193	1	78
1013	9.12561666666667	355.066334580316	0.0663345803164361	6127	1	60
997	9.05678333333333	355.067242642661	0.067242642660517	4854	1	58
574	7.48871666666667	356.005229894885	0.00522989488518988	4847	1	77
587	7.54471666666667	356.006582691077	0.00658269107685783	6622	1	67
939	8.91928333333333	356.050306324785	0.0503063247852538	65301	1	90
916	8.85863333333333	356.050584516889	0.0505845168891028	49369	1	87
1035	9.24726666666667	356.050774183252	0.0507741832515194	342144	1	95
1014	9.12695	356.050821719255	0.0508217192552252	190635	1	93
828	8.32866666666667	356.051381011569	0.0513810115688216	9577	1	84
1046	9.3156	356.051543380576	0.0515433805758789	499222	1	96
588	7.54605	356.052393728752	0.0523937287520084	7310	1	73
612	7.6692	356.052578383897	0.052578383897071	9853	1	81
411	3.7838	356.672138071158	0.672138071157917	2323	1	65
500	5.1012	356.672324115846	0.672324115845583	3030	1	78
1149	13.0166833333333	357.035542795457	0.0355427954566494	2655	1	56
870	8.72546666666667	357.035970478277	0.035970478277136	18533	1	84
917	8.85996666666667	357.036031614817	0.0360316148168067	34316	1	85
968	8.99345	357.036316599664	0.0363165996635644	54933	1	86
940	8.92061666666667	357.036352153299	0.036352153298651	43545	1	85
854	8.66013333333333	357.0364195694	0.0364195694001523	13416	1	86
845	8.60146666666667	357.03710870066	0.0371087006601556	9181	1	83
1015	9.12826666666667	357.037935467814	0.037935467813611	87959	1	89
890	8.78463333333333	358.043243985119	0.0432439851188633	3475	1	61
1016	9.13093333333333	358.045679587871	0.0456795878714615	13138	1	78
969	8.99478333333333	358.054300239189	0.0543002391892742	8133	1	63
1100	9.91071666666667	358.066729589221	0.0667295892206425	6084	1	73
649	7.8817	360.022231723295	0.0222317232949081	3332	1	36
797	8.18016666666667	360.023509448464	0.0235094484640399	3529	1	52
110	0.94465	365.009297423109	0.00929742310938764	7027	1	86
1263	19.64875	367.356417805168	0.356417805168064	2210	1	12
1278	19.72225	367.359497851934	0.359497851934293	2833	1	18
19	0.182033333333333	368.360473593316	0.360473593316385	1526	1	6
766	8.10068333333333	368.978697299363	0.978697299363148	8033	1	74
1331	19.93655	369.29800084307	0.298000843069929	1671	1	38
893	8.79813333333333	370.065727433809	0.0657274338087177	3021	1	55
918	8.8613	370.066044751609	0.0660447516091835	5588	1	62
946	8.93278333333333	371.065238078931	0.0652380789306335	2187	1	36
417	4.04878333333333	372.000351126127	0.000351126127156931	3924	1	72
425	4.15595	372.000640100038	0.000640100038424407	22025	1	79
444	4.36325	372.00082629699	0.000826296990226183	69498	1	90
543	7.1784	372.002029680111	0.00202968011137727	4141	1	74
426	4.15728333333333	373.003381599607	0.0033815996068256	4326	1	51
434	4.23493333333333	373.004367593471	0.00436759347104498	4438	1	66
724	8.02385	373.011311690456	0.0113116904564663	113721	1	94
692	7.96451666666667	373.011507111206	0.0115071112058445	129017	1	94
660	7.90485	373.011633379102	0.0116333791015109	119852	1	94
427	4.15993333333333	373.998660799699	0.998660799699167	9104	1	76
1086	9.57158333333333	374.008365057521	0.00836505752056382	7329	1	80
467	4.48675	374.86794952322	0.867949523220489	2803	1	66
488	4.61706666666667	374.870171701919	0.870171701919332	2760	1	72
222	1.2528	374.870270871838	0.870270871838045	2685	1	64
552	7.24673333333333	375.604189911181	0.604189911180583	2420	1	68
194	1.13146666666667	375.605467973278	0.605467973278337	2395	1	71
561	7.36671666666667	375.994561248327	0.994561248327045	3065	1	61
565	7.42355	375.996273960293	0.996273960293195	4018	1	64
555	7.3099	375.996810715463	0.996810715463369	1930	1	50
1017	9.1336	378.03212262826	0.032122628260197	5499	1	60
1030	9.21443333333333	378.032887340276	0.0328873402764884	6373	1	59
973	9.00561666666667	378.034529290726	0.0345292907260273	3350	1	41
775	8.11683333333333	378.034931650694	0.0349316506938635	2329	1	17
1097	9.77723333333333	379.014985678751	0.0149856787507474	3693	1	59
125	0.98865	380.711945004431	0.711945004430788	18173	1	91
431	4.20643333333333	380.713447568077	0.713447568076958	61781	1	95
64	0.782	380.713647367343	0.713647367343185	10195	1	90
402	3.73663333333333	380.713975839568	0.713975839568263	24147	1	92
393	3.65546666666667	380.714156249142	0.714156249142434	25494	1	90
589	7.54738333333333	380.714228713994	0.71422871399443	10909	1	90
807	8.21216666666667	380.714367246775	0.714367246775225	3505	1	84
382	3.59813333333333	380.714783216984	0.714783216984358	23090	1	89
80	0.832316666666667	380.714924599954	0.714924599953918	6980	1	90
240	1.37013333333333	380.714958300298	0.714958300297951	3931	1	77
45	0.718666666666667	380.71528441346	0.715284413460267	5277	1	63
264	1.44395	380.715495288153	0.715495288153306	8724	1	86
829	8.33266666666667	380.71620438646	0.716204386459594	5552	1	88
1297	19.7667333333333	381.373271030125	0.373271030125068	3317	1	24
655	7.89385	387.027314599327	0.0273145993272692	259791	1	95
749	8.06968333333333	387.027398049016	0.0273980490156873	222421	1	95
718	8.01168333333333	387.02751553085	0.0275155308499961	996391	1	97
686	7.95235	387.027979400772	0.0279794007718124	1475501	1	97
719	8.01301666666667	388.030714689753	0.0307146897527559	101504	1	94
687	7.95368333333333	388.031673332306	0.0316733323057292	143520	1	94
835	8.37448333333333	389.027296323126	0.0272963231261087	4148	1	71
625	7.74253333333333	390.010829769246	0.0108297692457882	58151	1	91
581	7.53271666666667	390.011310939389	0.011310939389432	22939	1	85
599	7.60721666666667	390.011353990641	0.0113539906408846	35945	1	87
792	8.16816666666667	390.012568991322	0.0125689913215297	34644	1	88
816	8.24466666666667	390.01360256195	0.0136025619498241	36896	1	87
767	8.10201666666667	392.010175925612	0.010175925611918	8376	1	66
613	7.67186666666667	392.010252922523	0.0102529225230796	16523	1	81
432	4.21043333333333	393.982472355119	0.982472355119228	1151	1	41
984	9.03528333333333	393.99622652767	0.996226527669535	14084	1	78
1286	19.7370666666667	395.389103427213	0.389103427212945	2087	1	0
1315	19.8260666666667	395.38980231651	0.389802316509702	2653	1	3
919	8.86263333333333	395.953380484818	0.953380484817671	6593	1	65
1080	9.54208333333333	395.954695069304	0.954695069303909	24598	1	83
1092	9.66073333333333	395.955180427125	0.955180427125413	13012	1	83
20	0.187366666666667	396.392181164781	0.392181164781277	1323	1	5
1191	15.8073333333333	396.862546963712	0.862546963712362	1278	1	10
1081	9.54475	396.95315054266	0.953150542660126	5639	1	62
750	8.07101666666667	396.973152156288	0.973152156288165	17862	1	84
25	0.597333333333333	397.10765367408	0.107653674079529	5110	1	46
46	0.722666666666667	397.227884993597	0.227884993597058	4493	1	38
1101	9.91605	398.005714234971	0.00571423497132173	1170	1	22
957	8.97045	398.006536346026	0.00653634602571174	2951	1	50
1065	9.44091666666667	399.954623947475	0.954623947475113	29875	1	86
861	8.69613333333333	399.955002805128	0.955002805128231	76598	1	89
920	8.86395	399.955395957571	0.955395957571398	78201	1	88
1095	9.74456666666667	399.982955661261	0.982955661260689	9178	1	79
798	8.18283333333333	400.870090644161	0.870090644161451	4275	1	69
862	8.69746666666667	400.958834067724	0.958834067724069	9036	1	61
452	4.44258333333333	401.952868436657	0.952868436656729	2945	1	56
844	8.58681666666667	401.953075218113	0.953075218113327	24433	1	89
1056	9.38876666666667	401.953289738347	0.95328973834728	17754	1	78
840	8.53115	401.953844260585	0.953844260584958	6777	1	81
852	8.64148333333333	401.953855090188	0.953855090188085	46969	1	90
878	8.75646666666667	401.954175455938	0.9541754559379	82884	1	88
841	8.53648333333333	401.968332183556	0.968332183556299	8241	1	81
863	8.6988	402.956961433589	0.956961433588845	8589	1	62
476	4.56341666666667	406.613973479573	0.613973479573303	8679	1	84
494	5.02921666666667	406.614120387434	0.614120387434184	3302	1	72
463	4.47208333333333	406.615594471992	0.615594471992495	10055	1	74
368	3.56881666666667	406.617717234174	0.61771723417354	20871	1	87
394	3.6568	407.611999434418	0.611999434418465	6485	1	65
495	5.03455	408.611087502174	0.61108750217403	3084	1	73
410	3.76913333333333	408.612165322861	0.612165322861017	26613	1	92
400	3.7073	410.610653014966	0.61065301496609	10315	1	86
745	8.06018333333333	410.987758402099	0.987758402099303	84784	1	93
710	7.99685	410.987920631666	0.987920631665531	120691	1	94
679	7.93885	410.988800193384	0.988800193384122	118896	1	95
650	7.88303333333333	411.993817585534	0.993817585534089	9851	1	53
1057	9.39008333333333	417.965389424279	0.965389424278669	25566	1	76
947	8.93411666666667	417.965483536481	0.965483536481031	143178	1	88
891	8.78863333333333	417.965609407945	0.965609407945465	104761	1	91
871	8.72813333333333	418.968406755479	0.968406755479464	9789	1	71
910	8.84246666666667	418.970965894409	0.97096589440946	12646	1	68
836	8.37715	419.963234969314	0.963234969314442	9365	1	70
948	8.93545	419.963512355781	0.963512355780722	147549	1	88
855	8.6748	419.963537490798	0.963537490798103	60840	1	90
824	8.30333333333333	419.964193800047	0.964193800046701	7103	1	71
846	8.61081666666667	419.964378586948	0.964378586948158	33921	1	87
776	8.11816666666667	420.93332222717	0.933322227170038	5354	1	50
847	8.61613333333333	420.967589180852	0.967589180851576	5940	1	69
884	8.76863333333333	423.937399777717	0.937399777716905	3006	1	29
746	8.06151666666667	427.018858469816	0.0188584698161662	47530	1	89
667	7.91851666666667	427.019339410588	0.0193394105884863	71802	1	92
711	7.99818333333333	427.019548452823	0.0195484528230168	78467	1	93
229	1.27946666666667	433.917219615263	0.917219615262525	6818	1	72
260	1.42778333333333	433.917508485188	0.917508485187568	15527	1	70
1050	9.34843333333333	434.028267875533	0.0282678755334018	12872	1	76
1043	9.28543333333333	434.028358433034	0.028358433033759	10529	1	73
1044	9.2881	435.015682394185	0.0156823941852622	8305	1	65
512	5.632	435.651267535626	0.651267535625891	2322	1	65
218	1.22346666666667	435.913918789017	0.913918789016691	4738	1	65
261	1.42911666666667	435.9144605451	0.914460545099587	22391	1	73
207	1.1648	435.915103461579	0.915103461578894	2690	1	53
230	1.28213333333333	435.915522199533	0.9155221995332	9630	1	73
238	1.35545	435.916261560862	0.916261560861585	13267	1	81
985	9.03661666666667	436.011004714658	0.0110047146582133	12955	1	67
1110	10.2700333333333	436.015143528674	0.0151435286741162	3615	1	58
571	7.45621666666667	436.016613755867	0.0166137558665014	5565	1	61
563	7.3814	436.01663521929	0.0166352192898103	6870	1	72
1112	10.3283666666667	436.018223810597	0.0182238105966803	4890	1	65
768	8.10335	436.98020488745	0.980204887449645	4377	1	44
546	7.19306666666667	437.96342237228	0.96342237228032	3151	1	37
899	8.81413333333333	437.96346813052	0.963468130520312	7283	1	25
591	7.57205	437.964484618377	0.964484618377071	6332	1	42
941	8.92195	437.966708299018	0.966708299017625	10288	1	28
868	8.71346666666667	439.945584340024	0.94558434002397	5392	1	55
640	7.8452	444.575878166881	0.575878166880557	2099	1	67
621	7.71853333333333	444.576898295882	0.576898295882131	3822	1	79
1007	9.09595	445.98062392082	0.980623920819767	2512	1	47
630	7.78653333333333	446.575169726706	0.575169726706235	9677	1	86
518	6.11731666666667	446.575219368113	0.575219368113324	4147	1	79
1075	9.49658333333333	447.94030396109	0.940303961090024	4219	1	69
1062	9.40875	447.941128474522	0.941128474521634	4234	1	68
864	8.70013333333333	447.941293633809	0.941293633808755	13756	1	75
839	8.51531666666667	447.941466428978	0.941466428977662	2302	1	62
843	8.57215	447.942156093524	0.94215609352392	5454	1	78
849	8.6268	447.942748997134	0.942748997134174	9527	1	81
631	7.7892	448.571781384332	0.57178138433153	6673	1	84
756	8.08318333333333	450.982924688651	0.982924688650883	9580	1	75
1334	19.9514	453.393141013057	0.393141013056834	1330	1	20
1051	9.3511	453.976452726235	0.976452726234697	12933	1	68
1024	9.18476666666667	454.016268651013	0.0162686510127514	7980	1	53
536	7.11641666666667	454.924575435152	0.92457543515178	3380	1	63
974	9.00695	455.002545346508	0.00254534650849791	8970	1	61
1001	9.06895	455.003142699756	0.00314269975586967	27140	1	82
661	7.90618333333333	455.014464067328	0.0144640673282197	128706	1	94
732	8.03868333333333	455.015037060442	0.0150370604424666	125206	1	93
699	7.97801666666667	455.015369091432	0.0153690914323192	142565	1	94
1052	9.35376666666667	455.975052112082	0.975052112082039	47000	1	75
1025	9.1861	455.975446335006	0.975446335005927	19866	1	63
1038	9.26526666666667	455.975487227038	0.975487227038343	33168	1	71
872	8.7308	456.956327446127	0.956327446127034	4373	1	48
892	8.79263333333333	456.959767242311	0.959767242311159	7822	1	62
930	8.89096666666667	456.960516818579	0.96051681857864	13941	1	62
975	9.00828333333333	456.960624999529	0.960624999529102	18981	1	63
195	1.13546666666667	457.917322138268	0.917322138268162	1510	1	77
976	9.00961666666667	457.959412488227	0.959412488226803	5988	1	39
1026	9.18743333333333	457.962856107054	0.962856107054279	8887	1	46
1255	19.6194166666667	465.300988849637	0.30098884963661	2720	1	40
1275	19.6927333333333	465.305186928599	0.30518692859863	3752	1	45
1303	19.7964	465.305426011163	0.305426011162979	4541	1	42
280	1.48828333333333	465.305961218033	0.305961218032735	2247	1	52
1071	9.47508333333333	465.950356603582	0.950356603582406	19344	1	75
885	8.76996666666667	465.951698058864	0.951698058863656	35567	1	82
970	8.99611666666667	465.95180861511	0.951808615110281	80896	1	85
865	8.70146666666667	465.952600746891	0.952600746890937	19176	1	75
911	8.8438	466.954573199377	0.954573199376568	8224	1	57
600	7.60988333333333	467.985503435295	0.985503435294959	2360	1	41
623	7.7292	467.988059276345	0.988059276344529	4033	1	62
720	8.01435	469.030400475348	0.0304004753481308	867727	1	97
751	8.07235	469.030841413986	0.0308414139856836	118573	1	93
656	7.89518333333333	469.030908238661	0.0309082386613113	202906	1	95
688	7.95501666666667	469.031124728076	0.0311247280756675	1326846	1	97
440	4.3446	471.926111217267	0.926111217267191	35050	1	71
436	4.2561	471.926432693126	0.926432693126003	12262	1	65
428	4.1746	471.926460816656	0.926460816655606	9547	1	66
441	4.3486	472.928253687924	0.928253687923927	9394	1	59
442	4.35258333333333	473.922682823621	0.922682823621017	16797	1	66
777	8.12083333333333	474.945117273213	0.945117273213498	2797	1	43
907	8.83163333333333	477.93701528096	0.937015280959542	2393	1	45
886	8.7713	479.931614593513	0.931614593512791	3944	1	42
1083	9.55425	479.93246684889	0.932466848889646	1380	1	27
50	0.7375	485.285407266643	0.285407266643062	4042	1	11
357	3.43331666666667	487.304769650501	0.304769650500987	1019	1	27
359	3.48898333333333	487.308402264066	0.308402264065649	905	1	24
634	7.8012	487.92255747065	0.922557470649792	8559	1	72
592	7.57605	489.933607169291	0.933607169290781	6887	1	66
617	7.69853333333333	489.936359901262	0.936359901261824	23511	1	78
873	8.73346666666667	489.936899190677	0.936899190676627	9352	1	63
554	7.27923333333333	489.937372033542	0.937372033542033	2125	1	52
894	8.79946666666667	489.93812054696	0.938120546959738	11210	1	61
921	8.86528333333333	489.938122975545	0.938122975545241	12779	1	62
605	7.63653333333333	489.938140351757	0.938140351757113	18001	1	73
981	9.02445	489.973813026266	0.973813026265759	12514	1	63
635	7.80386666666667	490.93699149904	0.936991499039834	4523	1	50
618	7.70386666666667	490.93728923522	0.937289235219623	6530	1	62
606	7.6392	491.935909843762	0.935909843761976	6555	1	58
657	7.89651666666667	492.992217580953	0.992217580952911	76479	1	91
752	8.07368333333333	492.992525629284	0.992525629283762	61449	1	91
721	8.01568333333333	492.992703085729	0.992703085728522	133572	1	93
689	7.95635	492.992770103706	0.992770103706334	141778	1	93
1054	9.37791666666667	495.876168525516	0.87616852551605	6034	1	62
837	8.37981666666667	495.877977007739	0.877977007739332	3357	1	52
857	8.68413333333333	495.944035667911	0.944035667910782	9907	1	64
826	8.318	497.87650071107	0.876500711070207	4558	1	68
986	9.03795	497.925882659229	0.92588265922916	19005	1	68
900	8.81546666666667	497.934975427165	0.934975427164886	22569	1	65
850	8.6308	499.874287741937	0.874287741936598	11228	1	72
901	8.8168	499.878153296053	0.878153296052858	29877	1	71
931	8.8923	499.8799674345	0.879967434500372	40173	1	75
879	8.7578	499.879996961348	0.879996961347842	29187	1	72
1058	9.39275	499.880353795915	0.880353795914687	14481	1	72
541	7.16373333333333	499.913067625425	0.913067625425299	29129	1	87
531	6.79826666666667	499.935266029095	0.935266029095203	9321	1	81
534	7.05808333333333	499.941626256831	0.94162625683083	13978	1	84
1066	9.44491666666667	500.879784476515	0.879784476514772	3915	1	54
902	8.81813333333333	500.882160863631	0.8821608636311	6459	1	49
880	8.75913333333333	500.882854837807	0.882854837807201	7747	1	51
1067	9.44891666666667	501.877922011455	0.8779220114547	14182	1	77
953	8.94761666666667	501.879975131359	0.879975131358606	27520	1	80
858	8.6868	501.881102845447	0.881102845446549	10652	1	70
668	7.91985	509.023554474023	0.0235544740231148	59765	1	90
700	7.97935	509.023884428848	0.0238844288477367	67623	1	91
733	8.04001666666667	509.024458807123	0.0244588071225849	48400	1	88
187	1.11413333333333	511.350681565563	0.350681565562581	3456	1	58
1096	9.76256666666667	513.015283790641	0.015283790641206	4236	1	59
1208	17.3910666666667	514.325999233994	0.325999233993912	972	1	26
1229	18.95545	514.330627859104	0.330627859104425	807	1	26
987	9.03928333333333	515.935122662001	0.93512266200139	15788	1	70
769	8.10468333333333	516.954343074227	0.954343074226585	7104	1	66
949	8.93678333333333	517.891147204884	0.891147204883509	28713	1	61
866	8.7028	517.891992159489	0.891992159489064	10657	1	53
903	8.81946666666667	517.892099293325	0.892099293324804	21261	1	56
881	8.76046666666667	517.892650895447	0.892650895447218	15845	1	52
988	9.04061666666667	517.929180666094	0.929180666094453	32586	1	66
770	8.106	518.972358252416	0.972358252415916	4373	1	36
867	8.70413333333333	519.888641051832	0.888641051831655	10596	1	50
950	8.93811666666667	519.889374936496	0.889374936496438	27469	1	59
904	8.8208	519.890204050699	0.890204050698799	16620	1	56
882	8.7618	519.89311977081	0.893119770810245	14371	1	54
853	8.64548333333333	519.893687868005	0.893687868004804	4771	1	46
181	1.10213333333333	531.255870921292	0.255870921292171	5883	1	75
1031	9.21843333333333	533.95302936127	0.953029361269614	2738	1	22
1047	9.32093333333333	533.956011843128	0.956011843127726	4134	1	32
175	1.08996666666667	535.292281848137	0.292281848137463	36156	1	91
202	1.14881666666667	535.292665403831	0.292665403830711	3701	1	85
641	7.85053333333333	535.918810308237	0.918810308237425	1619	1	52
662	7.90751666666667	537.01830977352	0.018309773520059	139421	1	92
693	7.96585	537.018660873186	0.0186608731861497	186519	1	94
725	8.02518333333333	537.018738011219	0.0187380112190567	146511	1	93
757	8.08451666666667	537.020273570617	0.0202735706172916	12643	1	75
203	1.15013333333333	537.294977601037	0.294977601036521	2158	1	73
472	4.53075	545.91109495735	0.911094957349974	17412	1	92
1002	9.07161666666667	545.911516280874	0.91151628087448	5739	1	64
912	8.84646666666667	547.870239010388	0.870239010387991	5674	1	57
632	7.79186666666667	547.901463873811	0.901463873810712	1439	1	34
726	8.02651666666667	551.034452782522	0.0344527825216119	599629	1	96
663	7.90885	551.034560298181	0.0345602981813045	508185	1	96
694	7.96718333333333	551.034771109698	0.0347711096979992	1304141	1	97
758	8.08585	551.035801951588	0.0358019515881551	31462	1	86
614	7.67453333333333	551.852793093004	0.852793093004152	3268	1	46
540	7.14573333333333	551.85423519163	0.854235191629527	7605	1	64
695	7.96851666666667	552.037906134233	0.037906134233026	187473	1	93
727	8.02785	552.038111348389	0.0381113483886111	82298	1	90
535	7.08241666666667	553.850227111725	0.850227111725189	3550	1	55
548	7.2024	553.852508690867	0.852508690867353	11157	1	60
753	8.07501666666667	560.980742143988	0.980742143988209	26849	1	81
998	9.05945	563.920027860888	0.920027860887672	10510	1	77
913	8.84913333333333	565.877071955057	0.877071955057204	7369	1	42
1077	9.51458333333333	565.878953956877	0.878953956876785	3018	1	35
971	8.99745	565.881094413684	0.881094413684195	10874	1	42
636	7.80653333333333	567.911745338274	0.911745338274386	7750	1	42
626	7.74786666666667	567.935323752831	0.935323752830527	4314	1	37
722	8.01701666666667	574.996119807411	0.996119807411219	213629	1	93
754	8.07635	574.996360719702	0.996360719701897	56632	1	89
690	7.95768333333333	574.996776982272	0.996776982271967	275957	1	94
658	7.89785	574.996870360707	0.996870360707021	102340	1	90
560	7.34556666666667	579.241920290951	0.241920290950702	1669	1	69
1084	9.55825	593.065902110155	0.0659021101550934	3809	1	78
24	0.579166666666667	593.161375112941	0.161375112940505	3775	1	12
1003	9.07428333333333	595.843498191075	0.843498191075469	4685	1	35
932	8.89363333333333	597.798211995246	0.79821199524622	8008	1	42
1055	9.38325	597.801363983006	0.80136398300624	4430	1	47
887	8.77263333333333	599.799398822752	0.799398822752323	3889	1	38
538	7.13106666666667	599.837138357627	0.837138357626941	7133	1	55
596	7.59786666666667	599.837747245205	0.837747245204696	4345	1	45
549	7.20506666666667	599.840226329865	0.840226329864777	11954	1	54
624	7.7332	599.842194837963	0.842194837962893	4857	1	50
550	7.20773333333333	600.842469432276	0.842469432276062	3339	1	35
759	8.08718333333333	614.989995782186	0.989995782185702	9213	1	54
734	8.04135	619.022501327836	0.0225013278356982	106685	1	91
669	7.92118333333333	619.022885429471	0.022885429470989	154800	1	93
701	7.98068333333333	619.024125913116	0.0241259131156539	177287	1	93
188	1.11546666666667	631.181470600954	0.181470600953617	4403	1	78
728	8.02918333333333	633.038366283362	0.0383662833620519	383006	1	95
664	7.91018333333333	633.038699482612	0.0386994826119462	392428	1	94
696	7.96985	633.038984512928	0.0389845129282094	1040363	1	96
760	8.08851666666667	633.040615220852	0.0406152208521462	12853	1	64
189	1.1168	633.179068054639	0.179068054638606	5284	1	75
158	1.05931666666667	634.023447528926	0.0234475289261127	2399	1	44
761	8.08985	642.98464939755	0.984649397549788	11254	1	65
1027	9.1901	653.087597335176	0.0875973351758148	4435	1	69
1078	9.52941666666667	653.087981542831	0.087981542831244	11850	1	85
977	9.01095	654.074566379909	0.0745663799089016	3558	1	55
1008	9.09861666666667	654.076851454148	0.0768514541476861	3977	1	68
1088	9.59175	655.078943610574	0.0789436105742425	3035	1	61
665	7.91151666666667	657.000094165079	9.41650791901338E-05	193379	1	92
697	7.97118333333333	657.000220826767	0.000220826767304061	307630	1	93
729	8.03051666666667	657.000938178558	0.000938178557930769	189367	1	91
762	8.09118333333333	657.002742280639	0.00274228063926785	18275	1	76
182	1.10346666666667	662.477178420295	0.477178420294535	12179	1	62
348	3.21216666666667	662.48139670001	0.481396700009896	8303	1	82
349	3.2175	674.481013443404	0.481013443403754	5553	1	74
354	3.28316666666667	674.481333714714	0.481333714713969	2780	1	61
922	8.86661666666667	677.08679902792	0.0867990279202786	5426	1	71
593	7.58005	677.088648961305	0.0886489613053527	10072	1	81
575	7.50338333333333	677.088710910213	0.088710910212626	4196	1	76
553	7.26456666666667	677.089326220522	0.089326220522139	3422	1	64
961	8.97995	677.090575164695	0.0905751646954513	7584	1	76
607	7.64186666666667	678.092210495622	0.0922104956223393	3177	1	63
183	1.1048	688.494181365776	0.494181365775603	7122	1	58
345	3.188	689.502003157185	0.502003157184504	3177	1	54
152	1.04731666666667	693.476377513736	0.476377513735656	7016	1	42
914	8.85178333333333	695.098794878848	0.0987948788477979	4079	1	64
1029	9.2076	695.101101219229	0.101101219229008	17993	1	87
978	9.01228333333333	695.101789066961	0.101789066960578	8813	1	72
1011	9.11878333333333	695.103005935371	0.103005935371016	15970	1	86
979	9.01495	696.088674931822	0.0886749318217426	9082	1	76
1082	9.54741666666667	696.995341560692	0.9953415606916	7350	1	71
942	8.92328333333333	698.993788194002	0.993788194002377	6880	1	64
610	7.65653333333333	699.069280775589	0.0692807755893909	4055	1	66
670	7.92251666666667	701.026604002295	0.0266040022954712	136699	1	90
735	8.04268333333333	701.027599452114	0.0275994521142593	89037	1	88
702	7.98201666666667	701.027701553578	0.0277015535780265	171316	1	92
190	1.11813333333333	702.511381448842	0.511381448841689	27967	1	81
159	1.06065	702.513729598309	0.513729598309283	32502	1	82
343	3.16783333333333	703.514824105688	0.514824105688149	29298	1	87
191	1.11946666666667	703.515490867752	0.51549086775151	10861	1	70
160	1.06198333333333	703.518188779423	0.518188779422985	15483	1	72
192	1.1208	704.519981398309	0.519981398309369	2976	1	41
445	4.36725	711.05036429822	0.0503642982198471	6817	1	75
1063	9.41275	712.124134288461	0.124134288460596	24250	1	86
1048	9.33893333333333	713.108629401607	0.108629401606777	103647	1	93
1032	9.22243333333333	713.110459866413	0.110459866412953	41148	1	89
1104	9.99371666666667	713.111305018865	0.111305018864982	12865	1	85
1039	9.26926666666667	714.100390469126	0.100390469126182	48842	1	89
1085	9.56225	715.004379312794	0.00437931279350323	22457	1	83
730	8.03185	715.041908630233	0.0419086302329106	253456	1	92
666	7.91285	715.042211131184	0.0422111311835351	310959	1	93
698	7.97251666666667	715.042431178777	0.0424311787770648	801408	1	95
972	9.00011666666667	715.079499595541	0.0794995955407103	7008	1	70
1004	9.08378333333333	715.083417366113	0.0834173661133946	9341	1	79
1040	9.27326666666667	715.090582868324	0.0905828683243044	22307	1	85
1020	9.15926666666667	715.111331897594	0.1113318975938	13382	1	81
346	3.19733333333333	716.526033831811	0.526033831810764	7995	1	73
340	3.1435	716.529388834876	0.529388834876386	7194	1	70
1021	9.16326666666667	717.078042054542	0.0780420545416973	6885	1	68
347	3.20266666666667	717.534305965512	0.534305965512203	3386	1	46
132	1.01265	719.488209109932	0.488209109932086	16834	1	61
627	7.76253333333333	729.058068060285	0.0580680602853363	9559	1	78
601	7.61253333333333	729.060348041266	0.0603480412655699	6232	1	68
616	7.6892	729.060983177382	0.0609831773818996	8974	1	76
341	3.15301666666667	730.543682169554	0.543682169553563	25393	1	86
336	3.09585	730.543881116495	0.543881116495413	5205	1	69
342	3.15833333333333	731.548149688348	0.548149688347507	12617	1	77
164	1.07131666666667	733.506197315708	0.506197315707709	15268	1	58
133	1.01398333333333	733.507673218812	0.507673218811647	187439	1	84
134	1.01531666666667	734.511493145853	0.511493145852796	91889	1	79
1028	9.19276666666667	735.093162614899	0.0931626148985742	6141	1	63
1105	9.99771666666667	735.093818507964	0.0938185079637606	5356	1	67
1036	9.25126666666667	735.094629754219	0.0946297542188859	9682	1	76
1045	9.3061	735.096615179837	0.096615179836931	14605	1	81
1037	9.25526666666667	736.082614592524	0.0826145925241235	6226	1	60
933	8.8963	739.001716783726	0.00171678372589668	10094	1	81
671	7.92385	739.004198606145	0.00419860614454137	280123	1	92
736	8.04401666666667	739.004223311591	0.00422331159052192	123609	1	89
895	8.80213333333333	739.004279213406	0.00427921340633475	6461	1	76
703	7.98335	739.00497918862	0.00497918862049573	350287	1	93
875	8.7483	741.005100857873	0.00510085787334447	5153	1	78
339	3.12866666666667	742.542792619307	0.542792619306738	6971	1	74
184	1.10613333333333	742.542950423235	0.542950423235311	6579	1	49
429	4.19576666666667	745.01019599037	0.0101959903698798	3449	1	70
437	4.27076666666667	745.01469418023	0.0146941802300944	5041	1	77
140	1.02731666666667	745.508454845201	0.508454845201072	20257	1	60
446	4.38858333333333	746.014162908865	0.0141629088653872	6031	1	75
438	4.33243333333333	746.016403216357	0.0164032163573893	4933	1	72
439	4.33775	747.01242391205	0.0124239120499396	14969	1	84
141	1.02865	747.522332100133	0.522332100133326	45105	1	66
1072	9.47641666666667	757.015548936768	0.0155489367678001	14647	1	67
859	8.68946666666667	757.016680755538	0.0166807555384594	4024	1	65
943	8.92461666666667	758.00554040179	0.00554040178951709	14348	1	69
908	8.8343	758.008857345306	0.00885734530618265	7932	1	70
962	8.98128333333333	759.012615461089	0.0126154610892399	18410	1	74
883	8.76313333333333	759.014076782488	0.0140767824875638	7722	1	63
1073	9.47908333333333	759.014143212946	0.0141432129461236	14315	1	77
1074	9.48175	760.005956014738	0.00595601473776242	6169	1	68
1059	9.39541666666667	760.006847450971	0.00684745097146333	6859	1	70
165	1.07265	761.536543683151	0.536543683151081	10285	1	50
135	1.01665	761.538285748593	0.538285748592898	155889	1	82
136	1.01798333333333	762.545056058339	0.545056058339128	73012	1	74
1064	9.43408333333333	773.077759054237	0.0777590542372764	6319	1	60
142	1.02998333333333	774.543759038755	0.543759038755184	18814	1	48
1022	9.17793333333333	775.025397541735	0.0253975417350603	18963	1	84
963	8.98261666666667	775.027183810222	0.0271838102215725	10894	1	67
1087	9.57691666666667	775.028928904991	0.0289289049909485	15498	1	78
989	9.04195	775.030198751894	0.0301987518939768	8679	1	61
944	8.92595	776.014576053754	0.0145760537543538	8205	1	60
990	9.04328333333333	776.018401601654	0.0184016016544319	9579	1	60
991	9.04461666666667	777.023954307078	0.0239543070783839	10406	1	64
1009	9.10128333333333	777.02599320888	0.0259932088799815	14293	1	77
1010	9.10393333333333	778.012640314858	0.0126403148580039	11216	1	73
1060	9.39808333333333	778.023524143951	0.0235241439510219	5089	1	62
344	3.17316666666667	784.435609033149	0.435609033148694	5448	1	80
166	1.07398333333333	786.476785213562	0.476785213562039	19699	1	84
167	1.0753	787.471485459027	0.471485459027235	10518	1	70
168	1.07663333333333	788.470533160212	0.470533160212199	9402	1	69
923	8.87346666666667	790.979553763964	0.979553763964077	3216	1	52
954	8.95028333333333	792.977906412376	0.977906412376228	3491	1	52
672	7.92518333333333	797.045826355991	0.0458263559905845	260902	1	92
737	8.04535	797.04641200471	0.0464120047100778	64857	1	82
704	7.98468333333333	797.046573710708	0.0465737107078894	359729	1	93
896	8.8048	800.917471759172	0.917471759171576	3817	1	58
936	8.91111666666667	800.919534842771	0.919534842770986	5239	1	69
897	8.80746666666667	805.00131297406	0.0013129740596014	4895	1	66
176	1.0913	814.506428921695	0.506428921694805	7316	1	66
143	1.03131666666667	817.465913312763	0.465913312763064	25580	1	82
951	8.93945	818.935286428115	0.935286428115319	11799	1	67
888	8.7753	820.927397892333	0.927397892333033	10486	1	75
738	8.04668333333333	821.006704804863	0.00670480486348879	78631	1	87
673	7.92651666666667	821.008030616207	0.00803061620729295	256958	1	92
705	7.98601666666667	821.008409779368	0.0084097793676392	310694	1	92
924	8.87613333333333	821.93694015011	0.93694015010999	6561	1	62
889	8.77796666666667	822.928449008755	0.928449008755479	7566	1	68
869	8.7188	822.931042134657	0.931042134656764	5513	1	71
1005	9.08911666666667	823.011587382145	0.0115873821450805	11429	1	81
1034	9.24043333333333	823.01513240679	0.0151324067895757	16975	1	86
982	9.02711666666667	823.015183794161	0.0151837941609756	9955	1	73
1018	9.14843333333333	824.0028001839	0.00280018390003534	6522	1	75
983	9.02978333333333	824.002891111207	0.00289111120662255	6278	1	65
905	8.82213333333333	838.941406012996	0.941406012996026	9655	1	67
955	8.95295	838.941921919504	0.941921919503784	17881	1	80
925	8.87878333333333	840.936456157801	0.936456157800649	7523	1	66
956	8.95561666666667	840.939136959801	0.939136959801317	10251	1	71
144	1.03265	845.50500345159	0.505003451590028	17946	1	74
926	8.88145	868.915911596047	0.915911596047408	5201	1	67
952	8.94078333333333	868.916210809706	0.916210809705717	5213	1	54
712	7.99951666666667	879.04845068549	0.0484506854895699	177222	1	90
680	7.94018333333333	879.049518808395	0.0495188083949643	230151	1	91
964	8.98395	884.926304897251	0.926304897250816	8661	1	66
965	8.98528333333333	886.926583131808	0.926583131808002	7309	1	64
909	8.83696666666667	886.926940493834	0.926940493834195	4426	1	62
706	7.98735	903.011359834157	0.0113598341567922	277766	1	92
674	7.92785	903.011458971023	0.0114589710225346	229223	1	91
681	7.94151666666667	961.053534015496	0.0535340154957566	166242	1	89
713	8.00085	961.053827084487	0.0538270844873523	113731	1	87
714	8.00218333333333	985.014549467645	0.0145494676448834	165750	1	89
682	7.94285	985.015036899275	0.0150368992751737	224797	1	90
