1289
67	0.8484	50.9644165923203	0.964416592320269	457	1	83
52	0.78575	50.9645714765727	0.964571476572722	526	1	52
36	0.726583333333333	50.9646699339293	0.964669933929336	835	1	76
68	0.853733333333333	52.9611243628862	0.96112436288621	173	1	59
88	0.927066666666667	52.96155851897	0.961558518969966	190	1	75
53	0.787083333333333	52.9616418846817	0.961641884681676	161	1	65
734	8.16025	56.995946422164	0.995946422164046	13	1	0
1194	19.5428333333333	57.9751162507017	0.975116250701696	775	1	0
1222	19.6708166666667	57.9759769689533	0.97597696895334	1896	1	0
440	4.41483333333333	57.9759922123788	0.97599221237877	285	1	10
1244	19.74415	57.9761785741126	0.976178574112602	2030	1	0
332	1.832	58.8372993614652	0.837299361465156	6057	1	80
152	1.06438333333333	58.8379158922487	0.837915892248681	8853	1	79
180	1.12455	58.8382008822543	0.838200882254306	18105	1	88
208	1.24055	58.8383097025934	0.838309702593413	17826	1	82
194	1.18321666666667	58.8383878640471	0.838387864047071	18409	1	87
476	5.89106666666667	58.8474174918989	0.847417491898852	23530	1	92
1063	10.02895	59.3337205120159	0.333720512015852	10804	1	87
422	3.8027	59.4092947065292	0.409294706529231	7576	1	88
537	7.09148333333333	59.4181816773696	0.41818167736961	1127	1	49
469	5.58041666666667	59.4465418993863	0.446541899386325	1061	1	58
999	9.31033333333333	59.4642477120982	0.464247712098206	233	1	0
533	6.98033333333333	59.4652141923854	0.465214192385446	310	1	14
1143	14.8213	59.4704816812484	0.47048168124843	257	1	11
465	5.34893333333333	59.4885323803011	0.488532380301066	243	1	12
1102	11.3770333333333	59.5018436953871	0.501843695387102	359	1	9
1158	16.2527166666667	59.5320208025692	0.532020802569178	350	1	38
1125	13.3052333333333	59.5412999150846	0.541299915084643	337	1	33
541	7.40896666666667	59.5764488961355	0.576448896135453	447	1	20
542	7.4143	59.5861748197286	0.58617481972864	518	1	25
1105	11.5530166666667	59.5915575410302	0.591557541030205	482	1	46
492	6.32853333333333	59.6152008574932	0.615200857493164	554	1	35
1183	18.7062166666667	59.6219925600682	0.621992560068172	624	1	39
1116	12.3279666666667	59.6318662051242	0.631866205124204	490	1	34
407	3.64838333333333	59.6608877556826	0.660887755682573	821	1	53
1092	10.8149	59.67351185098	0.673511850980006	723	1	45
462	5.27478333333333	59.6869975600156	0.686997560015612	745	1	45
1128	13.5257333333333	59.7016844063379	0.701684406337932	689	1	42
1059	9.94146666666667	59.7080236263741	0.708023626374079	761	1	41
490	6.20005	59.7304882119869	0.730488211986852	800	1	40
1123	13.1729166666667	59.7450884657429	0.74508846574286	892	1	56
1140	14.485	59.7696281403913	0.769628140391319	741	1	59
1101	11.2972	59.7795087286755	0.77950872867553	853	1	49
1136	14.3075166666667	59.7810843636398	0.781084363639764	823	1	58
1173	18.0132666666667	59.7834394278738	0.78343942787378	877	1	48
470	5.68475	59.8091124939827	0.809112493982681	778	1	45
448	4.51066666666667	59.8385348786755	0.838534878675461	1041	1	38
529	6.76166666666667	59.8747342777043	0.874734277704327	933	1	47
1054	9.77065	59.884028239767	0.88402823976697	875	1	43
389	3.30106666666667	59.8986981862759	0.898698186275851	748	1	34
458	5.09111666666667	59.9118682861782	0.911868286178233	904	1	48
1083	10.3516	59.9483970194485	0.948397019448485	900	1	57
1132	14.0885166666667	59.9701231078593	0.970123107859294	801	1	64
4	0.129783333333333	59.9703114390267	0.970311439026737	1943	1	61
9	0.301766666666667	59.9704972522812	0.970497252281177	1795	1	57
1162	16.67485	59.9749584414212	0.974958441421187	791	1	62
11	0.3921	59.9861974919353	0.986197491935322	1797	1	64
472	5.7749	59.9910904142633	0.991090414263311	958	1	51
1088	10.6244166666667	60.0000037502162	3.75021616605409E-06	845	1	52
795	8.44856666666667	60.0000263115149	2.63115149223836E-05	644	1	0
1180	18.4599	60.0012645216072	0.00126452160716184	704	1	46
1165	16.8636666666667	60.0044919271726	0.00449192717256608	671	1	55
1146	15.19645	60.0048610297854	0.00486102978539549	831	1	53
8	0.249933333333333	60.0055935615754	0.00559356157543789	1980	1	72
392	3.40856666666667	60.007528542431	0.00752854243097545	702	1	37
1	0.0786166666666667	60.0168062710292	0.0168062710291537	1869	1	70
209	1.24188333333333	60.0176326112983	0.0176326112983247	851	1	10
7	0.187783333333333	60.0177231465977	0.0177231465977101	1987	1	55
153	1.06571666666667	60.0205365188595	0.0205365188595152	535	1	0
1186	19.11235	60.0338181400483	0.0338181400482966	858	1	52
1188	19.30835	60.0646919734123	0.064691973412252	866	1	49
1192	19.4836666666667	60.1263842183878	0.126384218387841	924	1	52
1090	10.70525	60.1347197399157	0.13471973991566	818	1	44
1171	17.4791333333333	60.1640424829521	0.16404248295207	657	1	55
1184	19.0573666666667	60.1719947811634	0.171994781163448	843	1	46
1157	16.1188833333333	60.2324504322588	0.232450432258837	499	1	56
1095	10.9295666666667	60.2337921474561	0.2337921474561	592	1	45
480	6.0179	60.2512547485525	0.251254748552533	547	1	51
1129	13.8452	60.5489139530335	0.548913953033534	328	1	10
523	6.69368333333333	60.7021194250407	0.702119425040699	125	1	16
1169	17.3983	60.7076779410865	0.707677941086473	488	1	32
1076	10.23345	60.7078207933828	0.707820793382766	308	1	13
1122	12.7276166666667	60.7112659993025	0.711265999302526	607	1	18
1134	14.1691833333333	60.7131963270337	0.713196327033657	511	1	23
1167	17.2499833333333	60.7150673904529	0.715067390452937	456	1	27
751	8.22025	60.993844242194	0.993844242193965	161	1	0
1145	15.0917833333333	61.0056777932826	0.00567779328255114	521	1	37
1104	11.4515333333333	61.0083280707953	0.00832807079527953	565	1	38
1112	12.17265	61.0101658151794	0.0101658151794126	521	1	33
181	1.12855	61.0182533452163	0.0182533452163156	107	1	14
210	1.24453333333333	61.0183500748405	0.0183500748405194	141	1	0
195	1.18588333333333	61.0187074490287	0.0187074490287031	177	1	0
1135	14.2480166666667	61.022960574456	0.0229605744559862	615	1	18
1176	18.1504166666667	61.802472747605	0.802472747605002	54686	1	97
1097	10.9845666666667	61.8031827385853	0.803182738585328	47578	1	97
1245	19.7454833333333	61.8033351493575	0.803335149357487	325004	1	97
262	1.4722	61.9888308993786	0.988830899378577	39506	1	96
89	0.9324	61.9888480570623	0.988848057062278	79707	1	96
292	1.56951666666667	61.9889635733623	0.988963573362298	93508	1	97
231	1.3987	61.9889726324109	0.988972632410935	24579	1	95
301	1.61985	61.9889897082746	0.98898970827458	101117	1	97
721	8.13091666666667	61.9890489334795	0.989048933479452	20921	1	96
307	1.67318333333333	61.9890754651159	0.989075465115853	126667	1	97
317	1.72935	61.9890790891008	0.989079089100777	128814	1	97
1197	19.5681666666667	61.989103377897	0.989103377897038	106863	1	97
1210	19.6268333333333	61.989133563685	0.989133563684987	195579	1	97
1246	19.7468166666667	61.9892754548466	0.989275454846634	346732	1	97
1270	19.8179833333333	62.9856057721817	0.9856057721817	1234	1	68
1228	19.6854833333333	63.9931684977763	0.993168497776267	1560	1	58
144	1.04971666666667	66.0095953650108	0.00959536501079583	571	1	0
115	0.991066666666667	66.0106245613675	0.0106245613674503	298	1	0
90	0.933733333333333	66.9595486281553	0.959548628155332	9769	1	91
44	0.756233333333333	66.959631242165	0.95963124216496	847	1	57
71	0.873733333333333	66.959644802112	0.959644802111995	11955	1	93
58	0.815066666666667	66.9597837864337	0.959783786433732	10635	1	91
91	0.935066666666667	68.9563923369197	0.956392336919677	4936	1	79
72	0.875066666666667	68.9565448321373	0.956544832137311	3853	1	81
59	0.8164	68.9567832386894	0.956783238689425	3947	1	84
1044	9.61281666666667	68.9950760143921	0.995076014392055	39	1	0
176	1.10988333333333	73.0289232209593	0.0289232209592711	43	1	0
34	0.71575	73.0299809922491	0.0299809922490653	173	1	28
1089	10.6905833333333	75.0077306097951	0.00773060979510376	78	1	13
1126	13.3519	75.9611640345282	0.961164034528167	24	1	0
1119	12.4521333333333	75.9611773067486	0.961177306748638	44	1	14
420	3.7637	76.9695298208269	0.969529820826864	743	1	88
706	8.10141666666667	76.9700371719851	0.970037171985084	1515	1	77
441	4.43066666666667	76.9700897771395	0.97008977713952	3927	1	86
1198	19.5695	76.9703785548286	0.970378554828585	15326	1	90
427	4.288	76.9703968743277	0.970396874327676	1252	1	88
1211	19.6281666666667	76.9704119703549	0.970411970354903	26027	1	92
1247	19.74815	76.9704861601084	0.970486160108379	26384	1	93
432	4.3655	76.9707896884662	0.970789688466226	3576	1	92
442	4.436	76.9738347425057	0.973834742505744	3687	1	93
1229	19.6868166666667	77.9698624274514	0.969862427451446	1379	1	68
1199	19.5721666666667	77.9701338432883	0.970133843288266	770	1	78
168	1.09371666666667	78.6823755984256	0.682375598425622	937522	1	0
282	1.53085	78.6864869817673	0.68648698176726	3443870	1	3
239	1.41353333333333	78.6939032577054	0.693903257705415	2949408	1	3
762	8.31406666666667	78.9182420411655	0.918242041165456	2265	1	28
1053	9.74931666666667	78.9183384910097	0.918338491009663	3266	1	82
534	7.02698333333333	78.9184366930399	0.91843669303988	1574	1	23
531	6.87416666666667	78.9186857393213	0.918685739321305	1330	1	21
481	6.02321666666667	78.9187524154703	0.918752415470266	1498	1	0
463	5.30326666666667	78.9189211242698	0.918921124269801	2803	1	16
136	1.03505	78.9190180668976	0.919018066897635	947662	1	2
186	1.15255	78.9192718715412	0.919271871541198	537015	1	0
169	1.09505	78.9192989084935	0.919298908493545	868709	1	2
263	1.47353333333333	78.9194100823805	0.91941008238048	3447423	1	4
200	1.21121666666667	78.9194295691649	0.919429569164905	556936	1	0
283	1.53218333333333	78.9194513892368	0.919451389236755	3667460	1	3
889	8.72571666666667	78.9595816098758	0.959581609875784	3767	1	68
1144	15.0321333333333	78.9705692036133	0.970569203613337	4199	1	76
296	1.59268333333333	79.4731613840891	0.473161384089082	268	1	0
1113	12.23565	79.9569890105577	0.956989010557706	196	1	4
1200	19.5748333333333	79.9570105277515	0.957010527751464	148	1	0
959	9.07651666666667	79.9573242399091	0.95732423990907	46	1	0
1212	19.6295	79.957818068114	0.957818068113951	131	1	0
1265	19.80315	79.9578275399761	0.957827539976108	282	1	17
224	1.3582	80.6739837464581	0.673983746458148	1577615	1	6
264	1.47486666666667	80.688697955299	0.688697955298991	3531693	1	2
524	6.69635	80.9164742788824	0.916474278882376	1366	1	0
1266	19.8044833333333	80.9169865078015	0.916986507801539	23803	1	40
1213	19.6308333333333	80.9170043798146	0.917004379814557	15984	1	5
187	1.15388333333333	80.917167369616	0.917167369616038	564921	1	1
265	1.4762	80.9173046733446	0.917304673344617	3593442	1	3
201	1.21255	80.9173635361079	0.917363536107871	567767	1	2
266	1.47753333333333	81.5391133591063	0.53911335910631	1563	1	0
284	1.53351666666667	81.6501184654389	0.650118465438922	1727	1	84
240	1.41486666666667	81.809728992564	0.809728992564004	931	1	83
297	1.59401666666667	82.3757434266897	0.375743426689667	13315	1	87
92	0.9364	82.7041883068953	0.704188306895276	5561233	1	98
73	0.8764	82.7045832744503	0.704583274450258	5658381	1	98
60	0.817733333333333	82.7049602759667	0.704960275966684	5740149	1	98
61	0.819066666666667	82.7099374341068	0.709937434106763	5671168	1	98
267	1.47885	82.8607606014202	0.860760601420182	93622	1	94
358	2.57645	82.9544789865652	0.954478986565178	6955	1	90
362	2.65845	82.9544886857068	0.954488685706806	5929	1	91
369	2.98641666666667	82.9546414668208	0.954641466820775	2268	1	84
368	2.9026	82.9546607237429	0.954660723742876	5625	1	91
93	0.937733333333333	82.9546793284193	0.954679328419289	5757924	1	98
74	0.877733333333333	82.9548924367559	0.954892436755912	5833579	1	98
62	0.8204	82.9549851710282	0.95498517102817	5907691	1	98
340	1.86133333333333	83.0365256362434	0.0365256362433684	40503	1	94
346	1.94733333333333	83.0436176692041	0.0436176692041101	34675	1	95
116	0.9924	83.7653394142855	0.765339414285478	11055	1	81
145	1.05105	83.7659821765332	0.765982176533186	3932	1	66
146	1.05238333333333	83.7966233707065	0.796623370706499	3640	1	62
117	0.993716666666667	83.9168852412408	0.91688524124082	9653	1	81
118	0.99505	84.275867271679	0.275867271679019	136002	1	95
94	0.939066666666667	84.694526183933	0.694526183932965	2840417	1	98
75	0.879066666666667	84.6950861093987	0.69508610939873	2980459	1	97
63	0.821733333333333	84.6957429275788	0.695742927578848	2961712	1	98
119	0.996383333333333	84.7757460569489	0.775746056948904	3220252	1	98
15	0.60925	84.9514195929972	0.951419592997169	459	1	30
23	0.668583333333333	84.9516006109951	0.951600610995072	402	1	21
359	2.58178333333333	84.9516673539658	0.951667353965789	1350	1	77
95	0.9404	84.9518192307659	0.951819230765878	3039289	1	97
45	0.757566666666667	84.9518417638585	0.951841763858496	257892	1	95
76	0.8804	84.9519676602025	0.95196766020247	3201238	1	98
64	0.823066666666667	84.9521441241528	0.952144124152795	3209367	1	98
120	0.997716666666667	85.3161492559864	0.316149255986446	787713	1	97
121	0.99905	85.5302625491668	0.530262549166807	2431	1	48
122	1.00038333333333	85.6797987978561	0.67979879785608	3090	1	50
375	3.14075	86.0074161525012	0.00741615250124994	229	1	44
96	0.941733333333333	86.9547146998422	0.954714699842214	18816	1	86
77	0.881733333333333	86.955160968932	0.955160968931978	19553	1	86
65	0.8244	86.955518378614	0.95551837861403	18113	1	88
273	1.50553333333333	87.0031233397627	0.00312333976269485	1335	1	20
314	1.71468333333333	87.0040868833106	0.00408688331064866	2095	1	21
744	8.18958333333333	87.0042802070567	0.00428020705669496	1830	1	0
764	8.32606666666667	87.0043029117594	0.00430291175943864	2265	1	0
722	8.13225	87.0045185866443	0.00451858664429494	1405	1	0
1239	19.7294833333333	89.0239520745969	0.0239520745968917	603	1	47
1258	19.7884833333333	89.0244663721487	0.0244663721487086	857	1	52
1214	19.6334833333333	91.9568675828456	0.956867582845646	30	1	0
1201	19.5775	91.9572302738749	0.957230273874885	12	1	0
1240	19.7308166666667	91.9572805199004	0.957280519900408	123	1	0
154	1.06705	93.0199772840809	0.0199772840808521	725	1	52
104	0.961733333333333	93.0218405318527	0.0218405318526891	720	1	48
275	1.51618333333333	94.9124167249397	0.912416724939661	8983	1	84
57	0.809733333333333	94.9645379038282	0.964537903828244	7664	1	94
41	0.74275	94.9664202581245	0.966420258124487	214052	1	97
27	0.683416666666667	94.9664752063341	0.966475206334138	42842	1	94
443	4.44533333333333	94.9797880312417	0.979788031241654	12374	1	94
248	1.44286666666667	96.9118074138794	0.911807413879387	14986	1	91
276	1.51751666666667	96.9165017627847	0.916501762784719	19503	1	90
1196	19.5628333333333	96.9602865766441	0.960286576644052	16690	1	93
1207	19.6135	96.9604328559367	0.96043285593673	26258	1	92
948	9.03236666666667	96.9606923247366	0.960692324736613	16613	1	93
42	0.746733333333333	96.9620996402084	0.962099640208436	122143	1	96
911	8.78355	96.9672410214735	0.967241021473498	4670	1	80
890	8.72838333333333	96.9688734971371	0.968873497137068	5315	1	86
1223	19.67215	97.9304493809089	0.930449380908911	503	1	25
527	6.71635	97.9323930221629	0.93239302216287	159	1	20
1099	11.0878833333333	98.9488647166759	0.948864716675914	1559	1	74
590	7.8801	99.0066536717158	0.00665367171582432	3602	1	82
929	8.88436666666667	99.9257098607914	0.925709860791414	245	1	38
548	7.55461666666667	99.9257951412315	0.925795141231532	345	1	48
1259	19.7898166666667	99.9258953007399	0.92589530073991	912	1	35
329	1.81066666666667	99.9260646998482	0.926064699848169	1881	1	78
1241	19.7334833333333	99.9262813377011	0.926281337701084	923	1	45
553	7.60228333333333	99.9263036489804	0.926303648980408	328	1	33
1224	19.6734833333333	99.9263694111009	0.926369411100936	709	1	24
755	8.25541666666667	99.9267062688065	0.926706268806484	278	1	26
1208	19.6175	100.92599945145	0.925999451450338	576	1	31
341	1.86533333333333	100.926386820289	0.92638682028938	912	1	58
309	1.68801666666667	100.926677970915	0.926677970914781	1096	1	73
483	6.06223333333333	100.933717608257	0.933717608257325	522	1	65
24	0.67125	100.945645784803	0.945645784803176	60994	1	94
16	0.61325	100.946041225326	0.946041225326226	84724	1	95
411	3.67238333333333	101.061024659544	0.0610246595441026	427	1	36
2	0.100116666666667	101.924934554955	0.924934554955428	530	1	63
320	1.74401666666667	101.926245271841	0.926245271840841	227	1	25
21	0.646916666666667	105.989685521203	0.989685521202588	1345	1	87
330	1.82	110.046763831736	0.0467638317361434	137	1	19
343	1.88716666666667	110.04775646935	0.0477564693497641	134	1	30
83	0.903066666666667	110.975428447321	0.975428447321121	3642	1	78
1118	12.4343	111.006632222387	0.00663222238712535	292	1	44
437	4.39216666666667	111.029746760319	0.0297467603186305	1624	1	72
446	4.481	111.030396597883	0.0303965978833531	2254	1	84
290	1.54951666666667	112.01529746401	0.0152974640100751	615	1	74
315	1.71868333333333	112.015351315798	0.0153513157983838	1700	1	85
395	3.48555	112.015519221369	0.0155192213690185	9093	1	94
268	1.48018333333333	112.906742382135	0.906742382134993	3103	1	80
303	1.64385	112.906912295615	0.906912295614745	5767	1	92
46	0.7589	112.986276385469	0.986276385468869	6527	1	84
491	6.29153333333333	114.931551261791	0.931551261790688	1628	1	82
1120	12.55995	114.932792106676	0.932792106675691	749	1	77
1108	11.8891666666667	114.933345918498	0.933345918498347	853	1	81
1267	19.80715	114.933472344646	0.933472344646404	4347	1	85
482	6.03806666666667	114.933867913627	0.933867913626983	1387	1	82
535	7.05231666666667	114.934308792386	0.934308792386318	1495	1	83
540	7.39963333333333	114.980480825031	0.980480825030639	1425	1	83
211	1.2472	115.076835171575	0.0768351715751692	154	1	16
569	7.76978333333333	115.920663362391	0.920663362391366	1942	1	77
47	0.760233333333333	115.921151303195	0.92115130319462	28352	1	95
69	0.863066666666667	115.928369152089	0.928369152089289	86335	1	97
112	0.977733333333333	115.928419582316	0.928419582316295	68507	1	96
225	1.36353333333333	116.928077055673	0.928077055673384	8820	1	94
1202	19.5868333333333	116.928562525668	0.928562525668383	36966	1	95
318	1.73335	116.92867168	0.928671679999965	128479	1	96
241	1.41753333333333	116.928745355842	0.928745355841826	11122	1	93
1248	19.7494833333333	116.928767247782	0.928767247781877	85625	1	95
546	7.52745	116.928789719654	0.928789719654176	18983	1	94
277	1.51885	116.929013634543	0.929013634543224	29560	1	94
293	1.57935	116.929063020335	0.929063020335462	37234	1	95
757	8.26741666666667	116.92908012573	0.929080125729598	14977	1	92
557	7.64061666666667	116.929204625219	0.929204625219498	27894	1	95
1147	15.2496166666667	116.936929575555	0.936929575554558	9464	1	94
1058	9.86213333333333	116.939149982034	0.939149982033797	13111	1	94
938	8.95236666666667	116.939246035688	0.939246035687802	14415	1	93
758	8.27141666666667	117.927832172311	0.927832172310829	2245	1	86
308	1.67851666666667	117.928619883001	0.928619883001048	8830	1	93
1218	19.6575	117.929009483488	0.92900948348786	8389	1	92
558	7.64595	117.929065077001	0.92906507700134	3626	1	89
552	7.58928333333333	117.929119134376	0.929119134375668	3171	1	91
425	3.9267	118.89868497937	0.898684979369634	3328	1	80
278	1.52018333333333	118.926289738038	0.926289738038093	1650	1	68
294	1.58335	118.9272156352	0.927215635200071	1826	1	75
333	1.836	118.927538327337	0.927538327336975	6367	1	88
433	4.37083333333333	119.016773823118	0.0167738231180721	4431	1	84
429	4.3205	119.017124646783	0.0171246467832731	3526	1	84
707	8.10275	119.017210975135	0.0172109751347591	3963	1	70
1137	14.3318333333333	119.025947317442	0.0259473174416911	6402	1	87
1114	12.2664833333333	119.026052764046	0.0260527640460992	6071	1	88
105	0.963066666666667	120.032005317258	0.0320053172584949	674	1	27
106	0.9644	121.014904821164	0.0149048211637961	1709	1	65
160	1.07906666666667	121.015698149461	0.0156981494609312	1388	1	56
1096	10.9699	121.026857723974	0.0268577239738761	480	1	44
1187	19.2425166666667	121.029041731093	0.0290417310925193	532	1	47
360	2.59645	121.02927865548	0.0292786554800131	572	1	49
1153	15.7774166666667	121.029441759384	0.0294417593844258	459	1	47
128	1.02038333333333	122.02262509424	0.0226250942400554	453	1	4
84	0.9044	122.02348114251	0.023481142510235	331	1	22
279	1.52151666666667	126.903964103503	0.903964103502787	117921	1	94
249	1.4442	126.904108137698	0.904108137697818	51962	1	91
311	1.70001666666667	126.904311649598	0.904311649598256	206444	1	96
226	1.37036666666667	126.904509837879	0.904509837879232	29943	1	92
78	0.883066666666667	126.904933455487	0.904933455486884	28540	1	0
504	6.4707	126.90513824981	0.905138249809568	25962	1	39
580	7.81376666666667	126.905147384164	0.905147384164181	13472	1	14
591	7.88276666666667	126.905203389562	0.905203389561763	53841	1	89
723	8.13358333333333	126.905353986976	0.905353986976138	16094	1	88
43	0.750733333333333	126.905426451446	0.905426451446246	228235	1	17
745	8.19091666666667	126.905575803319	0.905575803319152	12191	1	84
1124	13.22625	126.910731091489	0.910731091489183	2831	1	11
682	8.05693333333333	127.001741121573	0.00174112157263551	18909	1	93
434	4.3775	128.034292315314	0.0342923153135075	199	1	35
215	1.31303333333333	128.901411156811	0.90141115681115	3844	1	87
250	1.44553333333333	128.901640242786	0.901640242786158	40940	1	93
295	1.58735	128.902254478234	0.902254478233715	116310	1	96
206	1.22988333333333	129.090473184879	0.0904731848794142	406	1	37
478	5.95873333333333	132.899799203644	0.899799203644392	3419	1	85
305	1.65851666666667	132.900488564448	0.900488564448295	4704	1	86
335	1.84533333333333	132.900934143736	0.90093414373635	10517	1	81
326	1.788	132.901073452991	0.901073452991312	10125	1	88
107	0.965733333333333	132.921557026318	0.92155702631797	14168	1	87
423	3.85253333333333	132.92291664411	0.922916644110103	5796	1	89
48	0.761566666666667	132.923991558045	0.923991558044833	25962	1	90
49	0.7629	133.923768783749	0.923768783748812	3421	1	70
1168	17.3386333333333	134.89247693936	0.892476939360023	891	1	60
543	7.4803	134.894333565103	0.894333565102528	5671	1	88
244	1.42953333333333	134.89449774563	0.894497745629621	6333	1	85
756	8.26075	134.894575648849	0.894575648849099	3000	1	80
931	8.9057	134.894743443755	0.894743443755345	3701	1	78
547	7.54213333333333	134.894769431784	0.894769431783516	9465	1	90
520	6.65135	134.894834458259	0.894834458258686	74455	1	96
466	5.36676666666667	134.894876679149	0.89487667914932	42311	1	95
285	1.53485	134.894946905589	0.894946905588597	18896	1	89
464	5.3086	134.894986813341	0.894986813341347	32111	1	95
3	0.11495	134.895000389214	0.895000389214346	6174	1	83
763	8.3194	134.895030425787	0.895030425786985	3573	1	82
471	5.69941666666667	134.895117316154	0.895117316154455	64242	1	95
336	1.84666666666667	134.895231599066	0.89523159906642	190287	1	95
298	1.59668333333333	134.895242036769	0.895242036769133	28394	1	93
770	8.37806666666667	134.895287502619	0.895287502618601	3578	1	82
473	5.79923333333333	134.987345790112	0.987345790112443	34027	1	95
512	6.55068333333333	135.894682261986	0.894682261985736	7358	1	91
563	7.70878333333333	135.894845401203	0.894845401203213	3665	1	88
559	7.66061666666667	135.894877943145	0.894877943144849	2089	1	83
214	1.29836666666667	136.026916646579	0.026916646579366	8532	1	92
188	1.15521666666667	136.026938611945	0.026938611944729	4358	1	76
202	1.21388333333333	136.026975820946	0.0269758209462907	6125	1	80
361	2.62411666666667	136.474647401961	0.474647401960652	67934	1	95
554	7.60628333333333	136.89186679171	0.891866791710271	5459	1	85
1189	19.3176833333333	136.891923648201	0.891923648201242	2267	1	74
337	1.84933333333333	136.892261943542	0.892261943542422	64855	1	94
570	7.77111666666667	136.892390772855	0.892390772854839	11573	1	83
1062	10.0014666666667	136.936032802237	0.936032802236525	2358	1	79
724	8.13491666666667	136.936329926703	0.936329926702513	1352	1	51
1204	19.5988333333333	136.937022938056	0.937022938055975	6384	1	80
1225	19.6748166666667	136.94307281941	0.943072819409849	9303	1	78
1163	16.81185	136.943193338565	0.943193338565408	2258	1	78
1170	17.4644666666667	136.944764177758	0.944764177758287	2226	1	82
310	1.69335	137.892753977447	0.892753977446688	4884	1	80
321	1.74666666666667	137.892817913615	0.89281791361509	6409	1	80
725	8.13625	138.019869684595	0.0198696845954203	828	1	40
170	1.09638333333333	138.019973471263	0.0199734712628583	1333	1	51
746	8.19358333333333	138.020452317961	0.0204523179606042	1006	1	53
1103	11.3823666666667	138.02580002736	0.0258000273596224	906	1	55
1185	19.0977	138.026822251819	0.0268222518185439	1259	1	72
322	1.74933333333333	138.876609060861	0.876609060861455	6420	1	83
417	3.73471666666667	140.939755703214	0.939755703214217	2110	1	71
408	3.65505	140.940546847838	0.940546847838021	2392	1	76
1219	19.6601666666667	140.998493505539	0.998493505539301	1319	1	40
690	8.07175	141.017559856339	0.017559856338778	323307	1	97
594	7.8936	141.017632519798	0.0176325197979281	191373	1	96
626	7.9531	141.017645163727	0.0176451637270816	593832	1	97
658	8.01243333333333	141.01791985427	0.0179198542703318	552790	1	98
691	8.07308333333333	142.020259862126	0.0202598621256982	15326	1	90
366	2.86976666666667	142.973889840793	0.973889840792737	903	1	68
783	8.41273333333333	143.101334414418	0.101334414417948	380	1	9
147	1.05371666666667	143.10675509185	0.106755091850118	416	1	52
196	1.18855	143.107753477353	0.107753477353242	543	1	59
740	8.17625	143.107925719551	0.107925719551019	1271	1	63
351	2.08848333333333	144.866194078676	0.866194078676358	695	1	44
1150	15.5764166666667	146.986764221433	0.986764221432622	693	1	63
1179	18.3937333333333	146.987749233121	0.987749233120923	746	1	63
129	1.02171666666667	148.025798734345	0.0257987343446757	16405	1	90
161	1.08038333333333	148.02673571149	0.0267357114901188	13489	1	90
108	0.967066666666667	148.026900330092	0.0269003300915074	22531	1	92
85	0.907066666666667	148.027080836003	0.0270808360033357	18622	1	93
109	0.9684	149.030262122588	0.0302621225875157	1396	1	50
350	2.07381666666667	151.036117679518	0.0361176795181279	2530	1	77
352	2.13881666666667	151.037622630396	0.037622630395731	2539	1	77
1117	12.3748	152.035172041314	0.0351720413142971	415	1	26
754	8.24608333333333	152.068552839882	0.0685528398818747	1751	1	77
713	8.11625	152.069512212052	0.0695122120516487	2225	1	59
475	5.85406666666667	153.051936684152	0.0519366841522242	868	1	62
338	1.852	153.86856150586	0.868561505860242	114365	1	96
312	1.70401666666667	153.868629725684	0.868629725683661	68719	1	95
356	2.5133	153.879737842222	0.879737842222198	104022	1	96
219	1.3362	154.036641415852	0.0366414158521593	2401	1	70
254	1.45753333333333	154.037100329595	0.0371003295950061	8969	1	84
286	1.53618333333333	154.037254439031	0.0372544390305052	14795	1	87
232	1.40003333333333	154.037402260731	0.0374022607309712	4510	1	73
344	1.90833333333333	154.037431610882	0.0374316108820096	129872	1	96
339	1.85466666666667	154.037489106481	0.0374891064810754	109280	1	95
325	1.78133333333333	154.037681824062	0.0376818240620764	88719	1	96
302	1.63451666666667	154.037816177986	0.0378161779858033	27461	1	94
431	4.353	154.945425080396	0.945425080395893	2184	1	77
1203	19.5921666666667	154.946709477929	0.946709477929289	6403	1	88
1249	19.7508166666667	154.947856505207	0.947856505207	12429	1	86
1216	19.6454833333333	154.947990026455	0.947990026455045	9593	1	89
1193	19.5335	154.948093420521	0.948093420521104	3434	1	83
714	8.11758333333333	154.94880647166	0.94880647165968	2217	1	64
447	4.48631666666667	155.025938708732	0.0259387087318999	2884	1	77
387	3.26106666666667	155.027987890224	0.0279878902236419	1290	1	53
1154	15.8595666666667	155.028856022338	0.0288560223384025	4645	1	88
1151	15.5974333333333	155.94639218949	0.946392189490211	508	1	57
1111	12.1163166666667	155.947329553679	0.947329553679197	461	1	50
1166	17.0906666666667	156.942122403025	0.942122403024541	702	1	48
1127	13.4854	156.943103542873	0.943103542873047	713	1	47
538	7.34113333333333	156.991182459035	0.991182459034945	8395	1	92
123	1.00573333333333	156.995941811372	0.995941811371836	6566	1	86
97	0.947066666666667	156.997281520029	0.997281520029105	20955	1	91
1139	14.4671666666667	157.131243821666	0.131243821665578	651	1	41
460	5.13328333333333	158.124602985727	0.124602985727023	164	1	21
155	1.06838333333333	158.844382707736	0.84438270773606	31109	1	94
280	1.52285	158.844667614016	0.844667614016259	33091	1	94
304	1.64918333333333	158.938287352879	0.938287352879456	24685	1	94
334	1.84	158.939010408249	0.939010408249231	14824	1	90
316	1.72266666666667	158.940130841129	0.940130841129417	13709	1	90
571	7.77245	158.940299094317	0.940299094316657	5182	1	78
477	5.92173333333333	159.89043471975	0.890434719749635	1008	1	66
493	6.3602	159.89084233632	0.890842336319906	1460	1	71
771	8.3834	159.892013650963	0.89201365096315	341	1	11
943	8.98503333333333	159.892134683134	0.892134683133719	987	1	61
197	1.19121666666667	160.842401954615	0.842401954614957	18374	1	94
156	1.06971666666667	160.842977155838	0.842977155837673	63246	1	95
182	1.13255	160.843549066041	0.843549066041305	17270	1	94
435	4.3815	161.911600353014	0.911600353014478	3325	1	85
516	6.58318333333333	161.912071581436	0.912071581436038	6823	1	92
233	1.40136666666667	162.840802417301	0.840802417300807	34051	1	93
220	1.33753333333333	162.841290806449	0.841290806449166	18215	1	91
137	1.03638333333333	165.02910895579	0.0291089557903774	9654	1	67
86	0.909733333333333	165.029261292215	0.029261292215125	14251	1	84
110	0.969716666666667	165.029619579959	0.0296195799587906	12843	1	73
1236	19.71615	165.041498484038	0.0414984840382715	3256	1	68
390	3.3159	165.055620314117	0.0556203141167089	1617	1	58
1085	10.5226	169.014240592293	0.0142405922928788	817	1	38
1110	12.0375	169.01764202967	0.017642029669787	952	1	41
124	1.00706666666667	171.01215997399	0.0121599739896681	63996	1	93
79	0.889733333333333	171.012317206247	0.0123172062472463	17031	1	92
98	0.9484	171.01256137756	0.0125613775603313	269651	1	95
157	1.07105	171.013585235197	0.0135852351965866	14429	1	86
461	5.18961666666667	171.103463986664	0.10346398666448	348	1	33
189	1.15655	171.139516849388	0.139516849387633	4417	1	74
401	3.60971666666667	171.888425157793	0.888425157792938	1174	1	50
125	1.00973333333333	172.013978925505	0.0139789255045457	5951	1	84
99	0.949733333333333	172.01558319787	0.0155831978704839	22027	1	89
353	2.3813	172.839562206041	0.839562206040824	831	1	57
1195	19.5481666666667	172.956881040917	0.956881040916841	7523	1	90
1252	19.76015	172.958093533213	0.958093533212548	32962	1	93
1215	19.63615	172.958273640537	0.958273640537442	23962	1	92
444	4.45066666666667	173.119472693335	0.119472693335013	2204	1	78
474	5.83623333333333	174.888764473477	0.888764473476726	3519	1	73
566	7.74978333333333	174.889578299341	0.88957829934111	80489	1	93
578	7.8031	174.889719916912	0.889719916911787	249839	1	95
500	6.45336666666667	174.890131024824	0.890131024823773	141846	1	94
487	6.13371666666667	174.890393425881	0.890393425881115	19755	1	88
1133	14.1031833333333	174.991883766302	0.991883766302408	2837	1	76
255	1.45886666666667	175.869358475615	0.869358475614717	17980	1	94
162	1.08171666666667	175.870382737359	0.870382737358682	22930	1	90
234	1.4027	175.871134759809	0.871134759808854	17921	1	90
111	0.97105	176.031454476987	0.0314544769865108	11526	1	87
130	1.02305	176.031718762001	0.031718762000537	9773	1	87
87	0.9124	176.031765018993	0.0317650189929566	14204	1	92
163	1.08305	176.032552164687	0.0325521646873597	18619	1	89
164	1.08438333333333	176.849388670459	0.849388670458978	7112	1	77
198	1.20055	176.850058256895	0.85005825689467	5383	1	83
183	1.13921666666667	176.850361892563	0.850361892563171	6537	1	81
932	8.90836666666667	176.895056005058	0.895056005057853	2888	1	71
940	8.96436666666667	176.895368925675	0.895368925675285	2684	1	76
549	7.55995	176.895508920348	0.895508920347879	1861	1	70
729	8.14558333333333	176.89555769387	0.895557693870074	3120	1	68
544	7.49496666666667	176.896230027563	0.896230027563291	1242	1	63
760	8.29006666666667	176.896304181264	0.896304181264185	2428	1	79
752	8.22425	176.896616974273	0.896616974273314	2813	1	77
1130	13.9563666666667	176.905121108944	0.905121108943689	2283	1	74
221	1.3402	177.868583013047	0.868583013046702	16792	1	93
281	1.52551666666667	177.868608646527	0.868608646526582	29371	1	94
235	1.40403333333333	177.869869641283	0.869869641283259	34606	1	94
453	4.69281666666667	177.894665994308	0.89466599430807	588	1	42
555	7.61028333333333	178.842695903005	0.842695903004739	3120	1	72
400	3.60438333333333	178.843702504938	0.843702504938136	10859	1	88
394	3.46423333333333	178.843720104624	0.8437201046236	3770	1	74
1064	10.05645	178.843771966785	0.843771966785198	2177	1	65
468	5.5081	178.843845431947	0.843845431947159	8158	1	88
513	6.56051666666667	178.843963922887	0.843963922887298	12593	1	89
560	7.67311666666667	178.84462887404	0.844628874039842	5267	1	80
396	3.52305	178.844720278517	0.844720278516775	4994	1	79
418	3.73871666666667	178.844786361923	0.844786361922928	15085	1	91
525	6.69901666666667	178.844853873659	0.84485387365882	17435	1	90
893	8.73921666666667	178.884069229188	0.884069229188242	2017	1	54
1209	19.6214833333333	178.982455768941	0.982455768940611	2748	1	52
1226	19.6774833333333	178.984145130912	0.984145130912282	2592	1	44
1149	15.4172666666667	178.98453497461	0.984534974610057	1191	1	54
1138	14.3593333333333	180.028871571558	0.028871571557687	446	1	24
5	0.15145	180.841611635813	0.841611635813365	3096	1	66
514	6.56451666666667	180.841998085052	0.841998085052296	12116	1	90
526	6.70168333333333	180.84234143007	0.842341430069894	15505	1	91
565	7.73511666666667	180.842476289057	0.842476289057203	10557	1	90
409	3.65905	180.84256234373	0.842562343730464	11865	1	90
950	9.04436666666667	180.842593328346	0.842593328345629	3063	1	69
488	6.14838333333333	181.841604957181	0.841604957180948	1419	1	71
138	1.03771666666667	181.841609408789	0.841609408788884	21642	1	89
203	1.21521666666667	181.842303993326	0.842303993325885	11807	1	87
171	1.09771666666667	181.842432756043	0.842432756043166	15117	1	86
190	1.15788333333333	181.84297731068	0.842977310680368	12481	1	87
216	1.32288333333333	182.824761852646	0.824761852646446	18758	1	90
172	1.09905	182.825582730435	0.825582730434888	12667	1	80
191	1.15921666666667	182.825602296635	0.825602296635367	11403	1	82
230	1.3932	182.825608739498	0.825608739497653	25375	1	93
204	1.21788333333333	182.825760415212	0.825760415211818	9822	1	84
100	0.951066666666667	182.879065274671	0.879065274670609	58019	1	94
66	0.839066666666667	182.879146984868	0.879146984867958	71020	1	95
80	0.8924	182.879324210146	0.879324210146137	72980	1	95
51	0.7804	182.879384273458	0.879384273458129	51486	1	95
323	1.752	183.004534754402	0.00453475440238549	10081	1	83
217	1.32686666666667	184.821610005987	0.821610005986997	8835	1	87
173	1.10038333333333	184.822997438327	0.82299743832678	10152	1	82
81	0.895066666666667	184.876862297409	0.876862297408763	27942	1	93
101	0.9524	184.87748644214	0.877486442139599	21443	1	89
484	6.08655	185.109975436635	0.109975436635153	373	1	19
1148	15.3414333333333	185.112180304762	0.112180304762035	925	1	39
1141	14.71165	185.155200118761	0.155200118761201	674	1	40
1155	15.9545666666667	186.10091815855	0.100918158549746	235	1	26
726	8.13758333333333	186.102373613197	0.102373613197017	329	1	12
747	8.19625	186.105623019067	0.105623019067224	377	1	48
467	5.44226666666667	186.116727313563	0.116727313562961	688	1	53
199	1.20588333333333	186.85922255417	0.859222554169662	5313	1	86
371	3.08175	187.0135473095	0.0135473095000407	1699	1	67
349	2.02348333333333	187.014605138165	0.0146051381651944	2793	1	70
436	4.3855	187.098465129771	0.098465129771256	786	1	36
251	1.44686666666667	187.105176969792	0.105176969791785	1523	1	40
445	4.47166666666667	187.108673558139	0.108673558138804	649	1	38
70	0.8684	188.894581631252	0.894581631251924	13912	1	95
158	1.07238333333333	188.894707234673	0.894707234673376	8916	1	85
54	0.78975	188.89684741412	0.896847414120259	16073	1	95
592	7.88543333333333	188.939888069753	0.939888069753039	2490	1	78
727	8.13891666666667	188.940255073348	0.940255073347913	3862	1	79
313	1.70801666666667	190.013123854369	0.0131238543694394	10469	1	90
327	1.792	190.013425349949	0.0134253499488466	15440	1	91
287	1.53751666666667	190.884457106443	0.884457106442539	9879	1	77
37	0.727916666666667	190.884647437695	0.884647437695378	5006	1	68
579	7.80843333333333	190.88591643883	0.885916438830037	5336	1	84
55	0.792416666666667	190.89425894358	0.894258943579899	12612	1	90
184	1.14321666666667	190.894339635419	0.894339635418874	9957	1	89
1077	10.2361166666667	191.018576329898	0.0185763298978259	1591	1	54
1098	11.0313833333333	191.018927847075	0.018927847075247	1248	1	54
348	1.98948333333333	192.011037458844	0.011037458844072	9744	1	89
218	1.33086666666667	194.905502676856	0.905502676855832	4805	1	77
545	7.50963333333333	194.905675433223	0.905675433222768	25365	1	93
918	8.81303333333333	194.906413265139	0.90641326513898	35413	1	92
328	1.796	194.906419604835	0.906419604835293	8669	1	83
759	8.27541666666667	194.906490854307	0.906490854307009	29081	1	94
933	8.91103333333333	194.906571355233	0.906571355233183	57549	1	94
556	7.62495	194.906635586877	0.906635586877286	53282	1	95
749	8.20825	194.906655717459	0.906655717458762	20589	1	92
941	8.96836666666667	194.906722422246	0.906722422246162	63891	1	95
730	8.14691666666667	194.906979436279	0.906979436279414	7932	1	80
522	6.68701666666667	194.915830860602	0.915830860602483	21527	1	93
416	3.72805	195.807812103548	0.807812103548201	3058	1	76
772	8.38473333333333	195.90478446881	0.904784468810192	6665	1	73
479	5.9894	195.905471624118	0.905471624118348	3424	1	79
367	2.8846	195.905794564386	0.905794564386071	2742	1	75
550	7.5693	195.905829493114	0.905829493113657	7499	1	86
28	0.686083333333333	196.863659749957	0.86365974995735	13717	1	72
18	0.624083333333333	196.864535721364	0.864535721363808	12635	1	71
942	8.97236666666667	196.904229845906	0.904229845906201	7964	1	77
561	7.67845	196.904328383683	0.904328383683151	7805	1	79
1156	15.9755666666667	196.907616744339	0.907616744338839	5870	1	77
1091	10.7905666666667	196.990443504951	0.990443504951372	9623	1	83
1152	15.66975	196.991374769446	0.991374769446168	7083	1	78
1131	13.9872	196.993359290443	0.993359290443095	8660	1	82
1205	19.6028333333333	196.993546180518	0.993546180517626	10735	1	77
1220	19.6628333333333	196.99370618114	0.993706181140254	12585	1	72
1255	19.7749833333333	196.995188761142	0.995188761141691	14000	1	75
402	3.61105	197.807388908687	0.807388908686562	3340	1	62
354	2.4513	197.955811319388	0.955811319388459	932	1	51
29	0.68875	198.861415935447	0.861415935447042	4967	1	53
19	0.628083333333333	198.862355688231	0.862355688230849	7265	1	71
1121	12.5811166666667	199.169826030017	0.169826030017276	760	1	33
1142	14.74565	199.171662630202	0.171662630201723	841	1	40
415	3.70705	199.808148620853	0.808148620853416	4239	1	81
398	3.55888333333333	199.849635437854	0.849635437854431	2180	1	69
456	5.04878333333333	199.851047251156	0.851047251155933	1180	1	55
113	0.981716666666667	200.848670834251	0.848670834250612	1165	1	66
370	3.01425	200.96370751743	0.963707517430407	1518	1	54
532	6.92733333333333	202.985359567505	0.985359567504872	784	1	46
1174	18.0922666666667	208.93379491486	0.93379491486013	1874	1	69
692	8.07441666666667	209.004855329527	0.0048553295270608	13646	1	89
413	3.68705	211.940659057621	0.940659057620906	10885	1	87
399	3.58321666666667	211.940881620512	0.940881620512272	5083	1	81
406	3.63371666666667	211.94090746798	0.940907467979855	8992	1	86
428	4.30266666666667	214.860121051914	0.860121051914263	3235	1	77
324	1.76668333333333	216.855107005539	0.855107005538542	12970	1	89
403	3.61371666666667	216.855493013573	0.855493013572897	15306	1	87
397	3.53771666666667	217.000774340711	0.000774340710904653	9668	1	87
404	3.61638333333333	217.003851886935	0.00385188693547889	12929	1	87
414	3.69238333333333	217.005015938534	0.00501593853391569	11775	1	88
457	5.05411666666667	217.854849203198	0.854849203198	2812	1	79
192	1.16188333333333	218.167431466379	0.167431466378588	388	1	15
1191	19.4593333333333	218.168076054111	0.168076054110912	395	1	24
1181	18.5998833333333	219.191621729684	0.191621729684215	19543	1	49
455	4.96896666666667	219.197376645341	0.197376645341393	27205	1	54
424	3.9057	219.844784022828	0.844784022827724	6041	1	56
165	1.08571666666667	220.178585068195	0.178585068194707	6632	1	27
22	0.66175	220.886957755383	0.886957755383207	4353	1	64
1190	19.3230166666667	221.180969237062	0.180969237061561	1000	1	18
393	3.4364	221.181305340655	0.1813053406552	1271	1	30
674	8.0421	223.020515293131	0.0205152931310408	270293	1	97
642	7.98276666666667	223.020793629585	0.0207936295853699	433009	1	97
610	7.92343333333333	223.02113658523	0.0211365852296979	317786	1	97
207	1.2352	223.026963829746	0.0269638297461654	1854	1	51
1161	16.4768666666667	224.079283485919	0.0792834859194329	1056	1	60
528	6.73418333333333	224.080670761242	0.0806707612424589	1399	1	63
82	0.897733333333333	226.828862556414	0.828862556413981	22033	1	93
319	1.73733333333333	226.829605605282	0.829605605281841	5881	1	83
589	7.87343333333333	226.829742914883	0.829742914882871	3943	1	81
412	3.67771666666667	226.829929576672	0.829929576671816	6192	1	84
38	0.730583333333333	226.829948980837	0.82994898083669	9156	1	77
562	7.69945	226.830264640409	0.830264640409155	3550	1	82
489	6.17905	226.830385890086	0.830385890086234	11034	1	90
342	1.86933333333333	226.830412462871	0.830412462870726	4011	1	76
486	6.11905	226.830810369394	0.830810369393845	8156	1	89
56	0.795066666666667	226.831187989581	0.831187989580513	25707	1	93
1115	12.28115	227.197391901675	0.197391901674536	583	1	22
1172	17.9567666666667	227.20131822259	0.201318222590089	709	1	33
139	1.03905	227.201523620511	0.201523620510699	3058	1	35
1250	19.75215	227.202180432877	0.202180432877356	1821	1	3
1275	19.8374833333333	227.202719534432	0.202719534431793	2051	1	11
1230	19.68815	227.203653671856	0.203653671856159	1237	1	6
386	3.25158333333333	227.952664528548	0.952664528547587	445	1	28
930	8.89903333333333	228.026569552543	0.0265695525425258	2454	1	81
919	8.81436666666667	228.027194338887	0.0271943388867726	1788	1	54
1029	9.5375	228.027413777037	0.0274137770373102	1663	1	72
1285	19.90265	228.207328892809	0.207328892808647	467	1	3
731	8.14958333333333	228.932084560351	0.932084560351171	2956	1	73
750	8.21358333333333	228.932953098116	0.932953098115917	2399	1	79
877	8.69271666666667	229.012705580155	0.0127055801551137	21980	1	93
1271	19.8193166666667	232.925649561186	0.925649561185935	14980	1	81
1237	19.72015	232.926088006876	0.926088006876341	13003	1	85
715	8.11891666666667	232.966730114849	0.966730114849071	5510	1	64
205	1.22053333333333	233.153946180623	0.153946180622711	2930	1	54
256	1.4602	233.961765284887	0.961765284887008	39124	1	93
236	1.40536666666667	233.963054017045	0.963054017044556	26753	1	91
288	1.53885	233.964274555092	0.964274555092231	57669	1	94
405	3.61905	234.820813226359	0.820813226358865	9568	1	77
364	2.80693333333333	235.169202773813	0.169202773813367	2617	1	62
177	1.11255	235.170860698482	0.1708606984825	3930	1	65
1164	16.8490166666667	235.172445094064	0.172445094063619	3205	1	64
299	1.59935	235.960825207145	0.960825207144865	68327	1	95
539	7.34646666666667	236.860141721648	0.860141721648233	3150	1	72
945	9.00503333333333	236.951913876761	0.951913876761381	7513	1	81
270	1.4882	238.75246970802	0.752469708019504	26328	1	91
245	1.4322	238.75296799888	0.752967998879996	18876	1	88
227	1.37303333333333	238.753300978945	0.753300978945248	12674	1	85
300	1.60201666666667	238.754572767319	0.754572767319075	16525	1	87
363	2.76476666666667	239.911906692699	0.911906692699404	2588	1	67
271	1.49218333333333	240.750859725604	0.750859725604329	18443	1	93
246	1.43486666666667	240.751266737375	0.751266737375289	15571	1	90
159	1.07371666666667	240.752567678743	0.752567678742707	9006	1	87
954	9.0577	240.868855074863	0.868855074862694	3928	1	62
10	0.3301	241.198676490251	0.198676490251103	4899	1	37
1109	12.0131666666667	241.216846863046	0.216846863046129	922	1	32
1272	19.8219833333333	241.218122316427	0.218122316426786	3044	1	23
1242	19.73615	241.218462148743	0.218462148742958	2395	1	19
1286	19.9079833333333	241.218475758201	0.218475758201492	3296	1	34
1159	16.3832166666667	241.219863651595	0.21986365159529	749	1	26
595	7.89493333333333	246.981907117717	0.98190711771727	13343	1	90
683	8.05826666666667	246.982165344387	0.982165344387312	13023	1	91
454	4.7843	250.146279127885	0.146279127884554	1481	1	37
357	2.56061666666667	250.147274110032	0.147274110032384	1217	1	27
1014	9.46533333333333	253.022671883021	0.0226718830209904	3353	1	71
140	1.04038333333333	253.217419441214	0.217419441213849	2626	1	17
1288	19.9408	253.218082004312	0.218082004311725	5011	1	36
1177	18.24225	253.218660836556	0.218660836555614	1318	1	53
912	8.78488333333333	254.0073949686	0.00739496859966948	6397	1	84
1100	11.2087166666667	254.007722714333	0.00772271433274341	616	1	42
891	8.73105	254.007920660315	0.00792066031507943	2813	1	80
913	8.78755	255.00982300605	0.00982300605039654	2457	1	44
934	8.9137	255.011372888627	0.0113728886272497	2836	1	56
924	8.8437	255.012194651087	0.0121946510869861	2736	1	55
1251	19.7534833333333	255.233220502028	0.233220502027763	10154	1	16
1283	19.8751333333333	255.233514036351	0.233514036350527	15026	1	37
1231	19.6894833333333	255.233768877101	0.233768877100971	6856	1	5
1084	10.4854333333333	255.246644867204	0.246644867204481	1696	1	43
983	9.23568333333333	256.021390782288	0.0213907822884494	2224	1	64
773	8.38606666666667	256.022303888567	0.0223038885669098	4255	1	80
965	9.13518333333333	256.022373719008	0.02237371900776	3395	1	83
791	8.43523333333333	256.022708182688	0.0227081826876088	6361	1	87
1086	10.55975	256.233928757219	0.233928757218564	761	1	26
1268	19.8098166666667	256.236611409692	0.236611409691875	3168	1	27
761	8.30473333333333	256.236950345123	0.236950345122864	791	1	37
1093	10.8745666666667	256.23708976181	0.237089761809955	721	1	25
1175	18.1069166666667	256.96211948812	0.962119488120265	2160	1	56
365	2.81226666666667	257.924648449212	0.924648449211588	1781	1	53
347	1.96516666666667	258.921193662928	0.921193662928488	1364	1	45
452	4.66215	258.921549055006	0.921549055006039	1465	1	38
126	1.0124	259.995331956765	0.995331956765085	32852	1	92
618	7.93826666666667	263.013112218602	0.0131122186023163	65768	1	94
684	8.0596	263.013416104226	0.0134161042257688	70343	1	95
1178	18.3790666666667	265.14431119225	0.14431119225037	990	1	37
1260	19.79115	265.147552498746	0.147552498745597	4397	1	61
30	0.691416666666667	265.147943149455	0.147943149455045	20402	1	87
1227	19.68015	265.147980284366	0.147980284366383	4749	1	72
252	1.44953333333333	268.938499311376	0.938499311375836	7028	1	85
13	0.536916666666667	269.229202822121	0.229202822120612	4930	1	11
1234	19.70415	269.24942075784	0.249420757840142	2341	1	9
1273	19.82465	269.249506184097	0.249506184097129	3459	1	4
102	0.953733333333333	270.937916842821	0.937916842820982	5568	1	66
735	8.16158333333333	270.942817628961	0.942817628961336	5619	1	76
708	8.10408333333333	270.942913510004	0.942913510003507	5302	1	77
1049	9.63148333333333	271.032788295113	0.0327882951132779	5971	1	80
1032	9.5555	271.035455784431	0.0354557844311785	6136	1	80
581	7.8151	272.820698646266	0.820698646265896	19037	1	85
920	8.81703333333333	272.882177208247	0.882177208246503	5199	1	76
551	7.57463333333333	272.882714651866	0.88271465186557	4202	1	81
774	8.3874	272.882838530324	0.882838530323738	5281	1	72
946	9.0177	272.883569512562	0.883569512562246	9424	1	85
765	8.33006666666667	272.883765642976	0.883765642976357	5379	1	80
1107	11.78785	272.896626329146	0.8966263291465	12428	1	88
1008	9.37716666666667	273.881632226868	0.881632226868078	2636	1	73
1182	18.6530666666667	273.882157409962	0.882157409961508	1691	1	62
494	6.36553333333333	274.814280729911	0.814280729910706	21616	1	93
567	7.75911666666667	274.814483688776	0.814483688775738	115775	1	96
564	7.71411666666667	274.814846163525	0.814846163524635	10240	1	87
515	6.56851666666667	274.815318757515	0.815318757515229	67910	1	95
485	6.10121666666667	274.815570213756	0.815570213755962	3605	1	78
237	1.4067	274.822437499773	0.8224374997734	11506	1	84
496	6.41736666666667	274.828780371289	0.828780371288758	28691	1	93
193	1.17655	274.841269957347	0.84126995734664	5880	1	83
213	1.28053333333333	274.841789854252	0.841789854251601	5180	1	82
568	7.76445	275.815119280871	0.815119280870817	16426	1	92
582	7.81776666666667	275.815845566912	0.815845566911776	23681	1	92
519	6.63035	275.815946246305	0.815946246304975	9914	1	91
583	7.82043333333333	276.814622862778	0.814622862777696	9380	1	83
1238	19.72415	279.231361076377	0.231361076377311	1710	1	15
1274	19.8273166666667	279.233459013079	0.2334590130788	2440	1	12
141	1.04171666666667	281.246189317329	0.246189317328515	3228	1	11
1287	19.9228	281.249227448392	0.249227448391707	7668	1	14
142	1.04305	283.265078154762	0.265078154762477	7099	1	0
1278	19.8509833333333	283.26514214674	0.265142146739834	8201	1	3
1061	9.97713333333333	283.266330879107	0.266330879106533	1518	1	23
1020	9.48683333333333	284.017349654455	0.017349654454847	2947	1	72
1009	9.393	284.01930822555	0.0193082255495938	1644	1	63
438	4.39616666666667	284.266705071095	0.266705071094577	1038	1	6
1279	19.8523166666667	284.268935656262	0.268935656261533	2206	1	3
1235	19.7094833333333	284.269121130802	0.269121130802432	1467	1	7
1253	19.76415	284.269168744607	0.26916874460693	1535	1	4
257	1.46153333333333	286.737668783252	0.737668783252388	8385	1	81
289	1.54018333333333	286.738579614337	0.738579614337311	11487	1	86
228	1.3757	286.739654967538	0.739654967537888	6710	1	83
709	8.10541666666667	286.974166237269	0.974166237269174	5615	1	75
306	1.66385	287.9560480562	0.956048056199847	3347	1	71
185	1.14721666666667	288.823178229631	0.823178229631196	5332	1	83
212	1.24986666666667	288.823582543654	0.823582543653686	5536	1	83
602	7.90843333333333	291.007568625794	0.00756862579424933	31587	1	93
685	8.06093333333333	291.00779872146	0.00779872145955096	37089	1	93
650	7.9976	291.008266285087	0.00826628508713156	32593	1	92
1106	11.5870166666667	292.89146651986	0.891466519859705	2804	1	60
143	1.04438333333333	293.174940523214	0.174940523214332	16119	1	78
1206	19.6068333333333	293.176479376819	0.176479376819429	3701	1	63
1280	19.8549833333333	293.177118775659	0.177118775658869	9344	1	73
1232	19.69215	293.178342736836	0.178342736836157	5892	1	65
331	1.82533333333333	293.178523929189	0.178523929188714	2918	1	64
1261	19.7924833333333	293.179041013837	0.179041013836752	7646	1	63
426	4.01218333333333	294.828470427367	0.828470427367165	3057	1	69
521	6.66601666666667	294.830572785858	0.83057278585818	9281	1	87
517	6.60101666666667	294.831339550689	0.831339550688654	6725	1	86
572	7.77378333333333	294.831378429736	0.831378429736162	8082	1	71
732	8.15225	294.901445509298	0.901445509297844	4267	1	79
450	4.57198333333333	295.829153368736	0.829153368736058	4282	1	78
430	4.33833333333333	295.831379909912	0.831379909911789	4798	1	75
536	7.05765	295.83390183848	0.833901838480074	5173	1	79
501	6.45603333333333	296.93333044636	0.933330446360173	6861	1	78
459	5.11861666666667	296.974343148002	0.97434314800222	2940	1	61
904	8.76871666666667	297.012692007798	0.0126920077983073	1952	1	28
925	8.84636666666667	297.013495628734	0.0134956287340628	2990	1	52
50	0.765566666666667	297.154124754546	0.15412475454599	6384	1	51
355	2.48561666666667	302.929169728605	0.929169728605473	721	1	27
449	4.52531666666667	304.25042102775	0.250421027750008	10442	1	92
693	8.07575	305.023460904092	0.0234609040921328	243676	1	96
627	7.95443333333333	305.024064802754	0.0240648027541397	914276	1	97
596	7.89626666666667	305.024315564929	0.0243155649285427	130369	1	95
659	8.01376666666667	305.024338119442	0.024338119441893	752602	1	97
20	0.632083333333333	305.082657246567	0.0826572465665549	5999	1	49
628	7.95576666666667	306.027274902938	0.0272749029380748	77355	1	94
660	8.0151	306.028203002637	0.0282030026369284	64065	1	94
901	8.75521666666667	306.98736501734	0.987365017340039	4314	1	71
1281	19.85765	307.262942674964	0.26294267496371	1173	1	7
1038	9.5875	309.012908803629	0.0129088036288749	3922	1	70
1013	9.45066666666667	309.0134833314	0.0134833314004936	1930	1	48
1080	10.2561166666667	309.014123872243	0.014123872243033	2306	1	57
1067	10.1551166666667	309.014166628417	0.0141666284173994	1648	1	44
1071	10.2002833333333	309.014727608706	0.0147276087062096	2186	1	58
1262	19.7938166666667	309.17255796824	0.172557968240483	3500	1	31
31	0.69825	309.174480352623	0.174480352622595	8982	1	63
1024	9.51616666666667	310.015186816522	0.0151868165220321	1165	1	49
728	8.14025	310.935649612074	0.935649612074201	4833	1	68
748	8.19891666666667	310.935677561643	0.935677561642763	3520	1	77
439	4.40016666666667	311.293663449127	0.29366344912745	2066	1	26
1263	19.79515	311.296052047733	0.296052047733156	4335	1	38
127	1.01506666666667	311.297177314864	0.297177314863575	1278	1	23
410	3.66305	311.865155359298	0.865155359297603	5080	1	67
419	3.7427	311.866693700112	0.866693700112478	6180	1	70
984	9.23701666666667	322.055625909475	0.0556259094753386	3009	1	56
967	9.16168333333333	322.055949787909	0.055949787908844	2038	1	59
1060	9.95613333333333	322.056006308927	0.056006308926726	1820	1	60
998	9.30368333333333	322.057176247047	0.0571762470469253	3735	1	71
1052	9.68248333333333	323.038759486746	0.0387594867460734	1975	1	56
939	8.9577	324.023759743974	0.0237597439744945	43218	1	92
1011	9.41433333333333	324.024198026544	0.0241980265435018	13772	1	88
1015	9.47083333333333	324.024242113893	0.0242421138930808	10539	1	78
1006	9.35716666666667	325.007604449411	0.00760444941090554	8209	1	79
916	8.80236666666667	325.008352867834	0.00835286783427591	12018	1	84
894	8.74055	325.008519227287	0.00851922728736554	10383	1	71
928	8.8697	325.008699655422	0.00869965542233331	13984	1	84
869	8.67655	325.008818299991	0.00881829999099182	5066	1	63
1045	9.61415	325.055554906391	0.0555549063905687	2817	1	44
1033	9.55948333333333	325.055952322442	0.0559523224421241	4020	1	71
1078	10.2387833333333	325.056073465047	0.0560734650474046	2917	1	54
1046	9.61681666666667	325.06868787105	0.0686878710495193	3214	1	58
1221	19.6655	325.182197418419	0.182197418419094	2698	1	38
39	0.73325	325.183448735072	0.183448735072318	14547	1	68
1243	19.7388166666667	325.185374179602	0.185374179601752	3916	1	41
1282	19.8603	325.18643507757	0.18643507756974	4603	1	40
1264	19.7978166666667	325.310994924155	0.310994924155466	3511	1	31
955	9.05903333333333	326.980128262939	0.980128262939388	5776	1	67
862	8.61871666666667	328.936932341749	0.936932341749014	11257	1	80
619	7.9396	328.98429326491	0.984293264909809	15241	1	88
593	7.8881	328.984425543705	0.98442554370456	12544	1	88
675	8.04343333333333	328.985264184561	0.985264184561004	27048	1	91
870	8.67788333333333	329.938408372657	0.938408372657307	4906	1	63
902	8.75921666666667	329.939083767052	0.939083767052409	10285	1	82
741	8.17891666666667	334.897278258725	0.897278258724953	3124	1	74
1276	19.8414833333333	337.20555863579	0.205558635790339	4173	1	60
1065	10.0711333333333	338.03994206907	0.0399420690704915	900	1	28
1217	19.6508166666667	339.19818300978	0.198183009780166	3280	1	43
35	0.721066666666667	339.200256998299	0.200256998299267	12210	1	67
1254	19.76815	339.326066610481	0.326066610480723	4488	1	40
1056	9.80013333333333	343.020601794298	0.0206017942975905	6603	1	80
1000	9.313	344.019627437961	0.0196274379610486	1962	1	49
985	9.23968333333333	344.020326112932	0.0203261129315706	2586	1	55
694	8.07708333333333	345.015341263251	0.0153412632514573	84692	1	94
629	7.9571	345.016272723299	0.0162727232986413	126872	1	95
597	7.8976	345.016642511578	0.0166425115780271	59094	1	93
661	8.01643333333333	345.01675331052	0.0167533105198459	125625	1	95
926	8.84903333333333	346.005705735096	0.00570573509594396	4503	1	55
914	8.79021666666667	346.006350131499	0.00635013149883434	2736	1	45
936	8.9377	346.008681292702	0.00868129270196505	3702	1	60
968	9.17101666666667	346.053751039475	0.0537510394752871	2919	1	69
964	9.12585	346.055632848123	0.0556328481234232	3709	1	70
25	0.673916666666667	346.7385905251	0.738590525099539	5342	1	62
421	3.77836666666667	347.841233058826	0.841233058826447	5563	1	79
26	0.676583333333333	348.735980632104	0.735980632104031	7832	1	67
17	0.61725	348.737338989427	0.737338989426689	8098	1	76
497	6.4267	350.786156039186	0.786156039185983	2870	1	82
508	6.49736666666667	350.788063312122	0.788063312122119	4500	1	82
1269	19.8124833333333	351.219938059002	0.219938059002175	6520	1	81
1289	19.9556333333333	351.220590589755	0.220590589755034	11325	1	85
530	6.78266666666667	352.792272628106	0.792272628106161	2560	1	65
575	7.78578333333333	352.793030327447	0.793030327446502	7067	1	79
716	8.12025	352.947231683869	0.947231683869234	9116	1	83
32	0.70225	353.200658655849	0.200658655848542	7167	1	57
717	8.12158333333333	354.96474501167	0.96474501166972	3166	1	50
837	8.5369	355.948338395914	0.948338395913538	9189	1	77
969	9.17635	355.948971623409	0.948971623409307	4392	1	73
811	8.47923333333333	355.949439616012	0.949439616011887	8218	1	78
854	8.60273333333333	355.949582751487	0.949582751487355	10462	1	77
222	1.34286666666667	356.854725336336	0.854725336335832	1064	1	53
777	8.39806666666667	357.002466437798	0.00246643779752276	3819	1	63
766	8.33406666666667	357.00308611483	0.00308611483001187	4274	1	74
391	3.39373333333333	362.010507882646	0.010507882645868	14048	1	89
951	9.04701666666667	362.050764483133	0.0507644831328662	13296	1	84
966	9.14051666666667	362.05105225184	0.0510522518401331	21002	1	90
944	8.99036666666667	362.051170494479	0.0511704944788107	6820	1	81
1057	9.8148	362.051725253354	0.0517252533541637	6354	1	84
921	8.8197	363.046004907396	0.0460049073955133	1415	1	34
935	8.92836666666667	363.046449476109	0.0464494761089895	2319	1	51
103	0.9564	365.012242025964	0.0122420259635874	4959	1	87
1012	9.41966666666667	366.046367068215	0.0463670682146926	2375	1	53
1277	19.8454833333333	367.359479164982	0.359479164982076	3446	1	18
1256	19.7789833333333	367.359925068767	0.359925068766529	2913	1	17
1073	10.2122833333333	368.061197553967	0.0611975539669629	120098	1	92
1016	9.47216666666667	368.06132008147	0.0613200814701713	106448	1	89
1068	10.1697833333333	368.062470544087	0.062470544087148	73012	1	92
949	9.03768333333333	369.045249691425	0.0452496914247718	2919	1	54
937	8.94303333333333	369.045796799338	0.0457967993380635	2405	1	50
1025	9.52283333333333	369.063178311165	0.0631783111649611	23330	1	80
1017	9.47483333333333	369.063196958467	0.063196958467131	14624	1	73
1040	9.59948333333333	369.064557379086	0.0645573790856133	36176	1	82
1074	10.2162833333333	370.064486920643	0.0644869206432759	3511	1	57
1041	9.60215	370.066476702404	0.0664767024039179	7186	1	66
1082	10.2886166666667	370.066979473595	0.0669794735946994	2807	1	61
1026	9.5255	371.013776958555	0.0137769585553542	10112	1	78
1055	9.78546666666667	371.07065287516	0.0706528751603059	8602	1	78
242	1.4202	371.776630999144	0.776630999144061	3528	1	75
573	7.77643333333333	372.768429467775	0.768429467775036	5801	1	79
586	7.85078333333333	372.768699909549	0.768699909549184	4927	1	86
603	7.90976666666667	373.011190941269	0.0111909412692057	89717	1	94
686	8.06226666666667	373.011475733427	0.0114757334274032	85447	1	94
651	7.99893333333333	373.011851273182	0.0118512731820601	94236	1	94
243	1.42286666666667	373.771085184221	0.771085184221249	5903	1	77
272	1.49618333333333	375.772763375862	0.772763375862212	4825	1	80
223	1.34553333333333	376.866430687279	0.866430687279433	4206	1	71
742	8.18158333333333	376.906275653001	0.906275653001444	4181	1	79
576	7.78978333333333	380.710522172061	0.710522172060791	4668	1	83
114	0.985716666666667	380.712172347138	0.712172347138335	2794	1	76
40	0.735916666666667	380.713247906964	0.713247906964455	8604	1	76
509	6.50136666666667	380.713297807875	0.713297807874881	7875	1	91
495	6.38986666666667	380.713827814842	0.713827814842375	4085	1	82
587	7.85478333333333	380.714940187977	0.71494018797722	2525	1	79
12	0.51875	381.111265630216	0.111265630216167	6796	1	35
1233	19.6948166666667	381.375870824146	0.375870824145579	2382	1	16
963	9.11118333333333	384.031473121962	0.0314731219623923	2202	1	52
695	8.07841666666667	387.026350260353	0.0263502603530128	268168	1	95
630	7.95843333333333	387.027283130462	0.0272831304624219	1608324	1	97
662	8.01776666666667	387.027719832072	0.0277198320717957	1234245	1	97
598	7.89893333333333	387.027852549315	0.0278525493145025	212653	1	95
631	7.95976666666667	388.030604249706	0.0306042497056751	159268	1	95
663	8.0191	388.030850775776	0.0308507757764005	119208	1	94
1030	9.54148333333333	390.042162848772	0.0421628487718522	6416	1	67
1021	9.4895	390.042852454632	0.0428524546317135	4698	1	53
1069	10.1856166666667	390.043146911304	0.0431469113041203	3963	1	59
710	8.10675	392.937931340579	0.9379313405787	2517	1	50
451	4.63148333333333	395.385371314623	0.38537131462283	1237	1	29
1257	19.7829833333333	395.389560409817	0.389560409816568	2445	1	8
814	8.49273333333333	396.011774500236	0.0117745002355036	14557	1	82
792	8.4379	396.012282407041	0.0122824070413685	9156	1	84
979	9.22235	396.012310233052	0.0123102330517781	6173	1	66
775	8.39006666666667	396.01233885856	0.012338858560156	3803	1	72
1160	16.4622	396.859393508552	0.859393508552103	922	1	14
961	9.09118333333333	396.996038671293	0.996038671292752	1696	1	42
14	0.585583333333333	397.107186174767	0.107186174767435	5079	1	47
33	0.70625	397.228045463788	0.228045463787794	5186	1	35
1284	19.8931333333333	397.332230283464	0.3322302834639	2835	1	41
980	9.22501666666667	398.007719571536	0.00771957153580161	2616	1	50
815	8.49406666666667	398.009602967092	0.00960296709183694	5526	1	67
736	8.16291666666667	400.867712629598	0.867712629597861	5780	1	71
905	8.77005	406.914146724271	0.914146724270722	4234	1	29
952	9.04968333333333	406.915613020824	0.915613020824139	5958	1	44
1039	9.59283333333333	409.049501258201	0.0495012582005074	4478	1	63
505	6.47603333333333	409.834799343002	0.834799343002203	3129	1	86
696	8.07975	410.987511067941	0.987511067941227	91008	1	94
632	7.9611	410.988140495245	0.988140495244579	147515	1	95
599	7.90026666666667	410.988572374047	0.988572374047294	81721	1	93
664	8.02043333333333	410.988650588399	0.988650588398912	152996	1	95
753	8.22825	416.899184471393	0.899184471393141	1855	1	67
733	8.15491666666667	420.934063509615	0.934063509614816	2513	1	56
923	8.83705	423.948130062499	0.948130062498535	30679	1	85
906	8.77138333333333	423.948195242919	0.948195242918757	27787	1	74
881	8.70621666666667	423.948943136727	0.948943136727451	5856	1	63
1010	9.39833333333333	423.950287589804	0.950287589804361	11936	1	76
1003	9.33316666666667	424.934263887096	0.934263887096449	8840	1	74
882	8.70755	424.936256354456	0.936256354456361	7115	1	57
947	9.02301666666667	424.947184259747	0.947184259747189	13286	1	74
620	7.94093333333333	427.019046509474	0.0190465094738101	85792	1	92
676	8.04476666666667	427.019656476992	0.0196564769918837	76647	1	93
718	8.12291666666667	434.949861522025	0.949861522024548	8424	1	79
719	8.12425	436.966211621447	0.966211621446689	4065	1	42
822	8.5074	439.961616051007	0.961616051007184	562330	1	94
778	8.3994	439.961661819324	0.961661819323695	171565	1	91
988	9.25035	439.961812951261	0.961812951261209	196958	1	92
971	9.19985	439.962201601279	0.962201601279276	118609	1	90
796	8.4499	439.962232290465	0.962232290464783	397462	1	93
767	8.34341666666667	439.962411450475	0.962411450474633	10509	1	85
743	8.18425	440.863307764422	0.863307764422359	2681	1	71
1094	10.9149	440.96198679026	0.961986790259914	1714	1	39
823	8.50873333333333	440.964090224892	0.964090224891606	87135	1	88
797	8.45123333333333	440.964635538448	0.96463553844842	57297	1	85
779	8.40073333333333	440.964738211391	0.964738211391136	25051	1	79
780	8.40206666666667	441.959664475305	0.959664475305146	196816	1	92
824	8.51006666666667	441.95984217192	0.959842171919547	659236	1	94
989	9.25168333333333	441.96006193163	0.96006193162998	212155	1	92
798	8.45256666666667	441.960352463827	0.960352463826609	431654	1	93
768	8.34873333333333	441.960400540499	0.960400540499052	16809	1	87
799	8.4539	441.992401796632	0.992401796632294	429478	1	93
825	8.5114	442.96200709164	0.962007091639919	78029	1	87
1001	9.31566666666667	442.962650855983	0.962650855983156	25343	1	80
781	8.40473333333333	442.962950232419	0.96295023241936	26488	1	84
800	8.45523333333333	442.963187354341	0.963187354341244	52394	1	84
826	8.51273333333333	443.963153657274	0.963153657274347	15744	1	74
782	8.4074	443.964006538005	0.964006538004753	5109	1	65
801	8.45656666666667	443.96579144255	0.965791442550028	10399	1	66
962	9.09651666666667	445.981764002653	0.98176400265271	1714	1	51
1018	9.4775	446.037331805116	0.0373318051164233	3353	1	50
1072	10.2056166666667	446.038016888196	0.0380168881963527	5345	1	67
588	7.85876666666667	447.943219052214	0.943219052214204	2848	1	51
577	7.79378333333333	449.940076589306	0.940076589305875	3207	1	46
698	8.08658333333333	450.980985365286	0.980985365285846	11159	1	77
687	8.0636	455.014276592953	0.0142765929525694	96948	1	93
652	8.00026666666667	455.014419793889	0.0144197938892603	117898	1	94
611	7.92476666666667	455.015401054329	0.0154010543290042	113616	1	93
986	9.24235	456.961162485808	0.96116248580762	2165	1	33
895	8.74188333333333	459.031124594046	0.0311245940462754	18967	1	85
871	8.67921666666667	459.031712779653	0.031712779652878	6290	1	73
896	8.74321666666667	460.032744382334	0.0327443823337603	2447	1	45
784	8.41406666666667	461.942723507728	0.942723507728374	28338	1	79
803	8.46323333333333	461.943633389494	0.943633389494209	35296	1	81
972	9.20118333333333	461.94441419696	0.944414196959542	9081	1	62
956	9.0617	461.975176751003	0.97517675100346	5015	1	59
785	8.4154	462.947163023444	0.947163023443977	4843	1	43
838	8.53823333333333	462.948163688543	0.948163688543445	5485	1	43
786	8.41673333333333	463.941432923142	0.941432923142145	28964	1	81
973	9.20251666666667	463.941596068449	0.941596068449371	6884	1	62
804	8.46456666666667	463.941682031734	0.941682031733649	40733	1	81
990	9.25435	463.942807004731	0.942807004731151	9640	1	74
769	8.3634	463.944415363884	0.944415363884445	6957	1	77
6	0.17295	465.308050381997	0.308050381997475	3973	1	36
981	9.22768333333333	467.955992344862	0.955992344861784	3418	1	58
699	8.08791666666667	469.029838934641	0.0298389346410772	112238	1	94
604	7.9111	469.030015452206	0.0300154522055891	549592	1	96
634	7.96793333333333	469.030430828735	0.0304308287350636	1560622	1	97
666	8.02726666666667	469.031185791907	0.031185791906978	879520	1	97
995	9.28101666666667	469.955161895872	0.955161895872322	2439	1	56
700	8.08925	470.033798159521	0.0337981595205292	13132	1	82
667	8.0286	470.035578813954	0.0355788139537481	121151	1	93
737	8.16425	482.870143518567	0.870143518567488	3457	1	68
878	8.69538333333333	486.042470818978	0.042470818978245	4603	1	72
600	7.9016	492.991571603771	0.991571603771035	96012	1	92
635	7.96926666666667	492.991842208219	0.991842208219396	182259	1	95
668	8.02993333333333	492.992302023657	0.992302023657203	159670	1	94
850	8.57905	495.936843120088	0.936843120088383	6216	1	69
816	8.4954	495.940220127207	0.940220127206942	5339	1	46
996	9.28501666666667	495.940265420248	0.940265420247613	3258	1	53
738	8.16691666666667	498.903532276175	0.903532276174587	1800	1	49
953	9.05235	501.928435034104	0.928435034103643	10645	1	44
917	8.8077	501.928576343441	0.928576343440852	5314	1	38
502	6.4587	504.861716482697	0.861716482697489	4467	1	85
511	6.53601666666667	508.672086272898	0.672086272898298	4401	1	85
574	7.7791	508.673236138811	0.673236138811376	43536	1	95
585	7.83776666666667	508.673815124959	0.673815124959106	23870	1	94
518	6.61568333333333	508.676203453745	0.676203453744847	5568	1	89
621	7.94226666666667	509.022438193646	0.0224381936464511	70947	1	91
688	8.06493333333333	509.023021305345	0.0230213053445709	46187	1	88
653	8.0016	509.023859584971	0.0238595849713192	74641	1	91
1007	9.3625	517.937809812979	0.937809812978799	10821	1	82
805	8.4659	517.939150195956	0.939150195955563	16620	1	78
829	8.52223333333333	517.939182383788	0.939182383787966	19329	1	81
974	9.20385	517.940239085689	0.940239085689313	10427	1	73
787	8.41806666666667	517.94024803281	0.940248032809677	4170	1	62
867	8.65621666666667	519.935857699218	0.935857699217536	21083	1	86
830	8.52356666666667	519.93653423289	0.936534232889812	18549	1	76
991	9.25701666666667	519.937218465268	0.937218465267961	13120	1	79
806	8.46723333333333	519.939040896713	0.939040896713323	16874	1	77
975	9.20518333333333	519.939163839295	0.939163839295361	10350	1	71
879	8.69805	526.978285219087	0.978285219087184	3026	1	54
851	8.58921666666667	527.969771784311	0.969771784310524	4903	1	75
839	8.5409	529.972217294272	0.972217294272127	4655	1	75
174	1.10171666666667	531.255789502806	0.255789502805669	3506	1	72
498	6.43203333333333	531.87808009326	0.878080093259655	7287	1	92
506	6.48536666666667	531.879154797713	0.879154797712772	12855	1	93
175	1.10305	533.25401968801	0.254019688010317	3448	1	72
605	7.91243333333333	537.017607609184	0.0176076091840969	119164	1	93
677	8.04608333333333	537.017959509637	0.0179595096370804	112536	1	93
643	7.9841	537.018241106754	0.0182411067538624	146168	1	94
817	8.49673333333333	537.895710325011	0.895710325010668	14178	1	63
842	8.55173333333333	537.898157458366	0.898157458366427	14307	1	65
843	8.55306666666667	539.888045425223	0.888045425223368	164762	1	85
855	8.60406666666667	539.888129918373	0.888129918372897	155758	1	85
818	8.49806666666667	539.88832554824	0.888325548239777	175292	1	86
992	9.25968333333333	539.88884222759	0.888842227589521	77164	1	84
793	8.44056666666667	539.889254172419	0.889254172418532	12008	1	67
957	9.06436666666667	539.922775817383	0.92277581738324	15052	1	68
868	8.67105	539.942009186035	0.942009186034511	159703	1	91
844	8.55438333333333	540.888691314904	0.888691314903781	48672	1	74
819	8.4994	540.888837761646	0.888837761645959	39086	1	72
856	8.6054	540.889445332949	0.889445332949094	42599	1	73
976	9.20651666666667	540.891418771032	0.891418771032249	13638	1	61
857	8.60673333333333	541.885076936085	0.885076936085284	146229	1	84
845	8.55571666666667	541.885086317881	0.885086317881132	181639	1	86
958	9.06703333333333	541.885491018853	0.885491018853259	14317	1	69
820	8.50073333333333	541.885504174357	0.885504174357379	144636	1	84
1002	9.31833333333333	541.886069212817	0.886069212816665	56230	1	83
794	8.44323333333333	541.886885982516	0.886885982516105	15725	1	72
977	9.20785	541.886998614035	0.88699861403461	53632	1	78
846	8.55705	542.886392157717	0.886392157717296	43212	1	74
858	8.60806666666667	542.887420881121	0.887420881121102	26373	1	68
978	9.20918333333333	542.888380570433	0.88838057043256	13024	1	59
847	8.55838333333333	543.886093641135	0.886093641134948	14425	1	57
776	8.39273333333333	543.946208655459	0.946208655459372	5603	1	66
802	8.4579	545.945011426475	0.945011426475276	6589	1	57
606	7.91376666666667	551.033722813706	0.0337228137062766	522127	1	96
701	8.09058333333333	551.034021349389	0.0340213493892634	54566	1	89
636	7.9706	551.034304531191	0.0343045311908554	1554938	1	97
669	8.03126666666667	551.034944891661	0.0349448916612118	776947	1	96
637	7.97193333333333	552.037073807272	0.037073807271554	222645	1	93
670	8.03258333333333	552.0379136975	0.0379136974997891	117497	1	91
915	8.79288333333333	554.044855573323	0.0448555733230478	10724	1	84
927	8.8517	554.045210366643	0.0452103666431185	5518	1	76
892	8.73371666666667	555.030481971899	0.0304819718985527	4978	1	67
1087	10.6000833333333	574.060549769094	0.0605497690944503	3374	1	54
697	8.08108333333333	574.994411192521	0.994411192521284	91726	1	91
633	7.96243333333333	574.995063087524	0.995063087524272	335072	1	94
665	8.02175	574.996214685023	0.996214685023233	303969	1	94
601	7.90293333333333	574.997298795474	0.997298795473625	106628	1	91
903	8.76321666666667	585.873811722115	0.873811722115192	3709	1	64
503	6.46136666666667	586.820015703744	0.820015703743707	3912	1	77
812	8.48323333333333	595.917696543314	0.917696543313582	2994	1	59
507	6.4907	596.795082779685	0.795082779685345	2322	1	79
1035	9.57015	598.080570820338	0.0805708203375843	2707	1	42
739	8.16958333333333	612.79879754299	0.798797542990201	3593	1	59
702	8.09191666666667	614.988542086058	0.988542086058374	12543	1	70
840	8.54356666666667	617.867006463468	0.86700646346776	11287	1	53
997	9.289	617.868487626597	0.868487626596561	8142	1	54
813	8.48723333333333	617.868498997129	0.868498997128654	8848	1	55
852	8.59321666666667	617.869146266496	0.869146266495932	11967	1	59
982	9.23035	617.869343020718	0.869343020718247	7718	1	46
678	8.04741666666667	619.022058053293	0.0220580532925396	101477	1	91
644	7.98543333333333	619.022186347032	0.022186347032175	144131	1	93
612	7.9261	619.02311970767	0.0231197076697072	120171	1	92
841	8.54623333333333	619.863328141376	0.863328141376428	10349	1	49
960	9.08185	619.864384672788	0.864384672787537	1544	1	21
853	8.59721666666667	619.865204055133	0.865204055132722	11903	1	56
1004	9.34251666666667	619.86669912333	0.866699123330136	6918	1	52
711	8.10808333333333	622.920686070962	0.920686070962347	6245	1	51
607	7.9151	633.037249994575	0.0372499945747222	415084	1	95
703	8.09325	633.038508749671	0.0385087496706547	21146	1	76
638	7.97326666666667	633.038654025325	0.0386540253247176	1251522	1	96
671	8.03391666666667	633.038968145787	0.0389681457871802	572214	1	95
639	7.9746	634.042648560471	0.0426485604713207	218371	1	93
704	8.09458333333333	642.984010740272	0.984010740272197	12124	1	68
499	6.4467	644.783283113318	0.783283113317907	10506	1	92
510	6.50535	644.784477788784	0.784477788783533	13419	1	92
1070	10.19095	651.972986943329	0.97298694332892	4723	1	52
1066	10.1307833333333	653.965450187553	0.965450187553301	2939	1	44
1081	10.27395	653.971022176498	0.971022176498423	6858	1	63
608	7.91643333333333	656.999524825669	0.999524825668686	211805	1	92
640	7.97593333333333	656.999709774372	0.999709774372036	376582	1	94
672	8.03525	657.000615890661	0.000615890660697005	266008	1	92
705	8.09591666666667	657.000731436196	0.000731436196133473	33583	1	84
383	3.20008333333333	662.475244656061	0.475244656061022	5591	1	77
388	3.2664	662.477370565753	0.477370565752608	4837	1	75
258	1.46286666666667	666.630176883144	0.630176883144259	4071	1	44
897	8.74455	669.98194144497	0.981941444969607	48303	1	91
863	8.62138333333333	669.982756685469	0.982756685469099	11019	1	88
898	8.74588333333333	670.984165143686	0.984165143686369	16276	1	83
872	8.68055	670.988145869356	0.988145869355662	12015	1	81
899	8.74721666666667	671.011202274248	0.0112022742481486	19214	1	83
873	8.68188333333333	671.981963715722	0.981963715722031	37647	1	90
864	8.62405	671.984487427164	0.984487427163799	11837	1	88
874	8.68321666666667	672.982367378788	0.982367378788126	8969	1	76
900	8.74855	672.98594381714	0.98594381714031	9700	1	77
385	3.22358333333333	674.478620335764	0.47862033576439	4353	1	68
720	8.12558333333333	686.874511873989	0.874511873988581	1826	1	19
384	3.20541666666667	689.493714249903	0.493714249902837	2657	1	50
848	8.55971666666667	696.994458943057	0.994458943057225	8729	1	80
821	8.50206666666667	696.99467821479	0.994678214790497	8600	1	81
865	8.62671666666667	696.996300264804	0.99630026480429	9371	1	82
849	8.56105	698.991990538127	0.991990538126743	9027	1	80
875	8.68455	698.994157741964	0.994157741963818	9525	1	81
645	7.98676666666667	701.02621533215	0.0262153321497181	137643	1	91
689	8.06626666666667	701.026885978797	0.0268859787972815	51028	1	85
613	7.92743333333333	701.027499200146	0.0274992001455985	112337	1	90
381	3.18525	702.510581959787	0.510581959786577	56867	1	90
148	1.05505	702.511171274471	0.511171274470826	42296	1	84
373	3.12591666666667	702.512354820706	0.512354820706037	12543	1	83
178	1.11521666666667	702.512893974994	0.512893974993631	9301	1	80
374	3.13125	703.51185429812	0.511854298119943	7588	1	73
149	1.05638333333333	703.515379460125	0.515379460125132	20794	1	76
179	1.11788333333333	703.517241367445	0.517241367445422	3443	1	64
382	3.19058333333333	704.516736565243	0.51673656524315	6416	1	70
584	7.8231	706.55098610893	0.550986108929692	1907	1	71
378	3.16775	714.512091375409	0.512091375409	3931	1	69
609	7.91776666666667	715.040998182641	0.0409981826409194	350351	1	93
641	7.97726666666667	715.042056108914	0.0420561089135845	969449	1	96
673	8.03658333333333	715.04311340021	0.0431134002097906	412450	1	94
274	1.51086666666667	716.107223032806	0.107223032805678	2002	1	44
379	3.17175	716.527381151987	0.527381151987015	7004	1	69
712	8.11075	728.883374709084	0.883374709084364	4148	1	43
883	8.70888333333333	729.950995971817	0.950995971816724	6705	1	66
372	3.10975	730.542446440413	0.542446440412959	7420	1	68
166	1.08705	730.54466156942	0.544661569420441	7183	1	58
377	3.16091666666667	731.546115380754	0.546115380754259	9486	1	71
907	8.77271666666667	731.949884172182	0.949884172182237	4850	1	55
131	1.02438333333333	733.505732734058	0.505732734058029	102395	1	84
167	1.08838333333333	733.50716250012	0.507162500119875	5497	1	38
345	1.93266666666667	733.508341122041	0.508341122040633	3894	1	59
132	1.02571666666667	734.511624691158	0.511624691158431	54146	1	76
1031	9.54548333333333	737.130814363123	0.130814363122909	21324	1	89
1022	9.49216666666667	737.133160771096	0.133160771096072	10467	1	82
1079	10.24145	737.133580534944	0.133580534943917	9105	1	81
1042	9.60481666666667	737.135213506456	0.135213506456466	31026	1	89
1043	9.60748333333333	738.136934426641	0.136934426641233	8742	1	78
679	8.04875	739.003230191712	0.00323019171196393	191053	1	91
646	7.9881	739.003729192615	0.00372919261462812	435678	1	93
614	7.92876666666667	739.004501161666	0.0045011616660986	332798	1	93
1051	9.66448333333333	740.087525474075	0.0875254740748233	5353	1	75
1023	9.49483333333333	740.090372606363	0.090372606362962	2784	1	54
376	3.14608333333333	742.54314803512	0.543148035119884	6223	1	77
150	1.05771666666667	747.517714424517	0.51771442451718	6143	1	33
1036	9.57415	759.112888720372	0.112888720371643	8109	1	72
1050	9.63681666666667	759.113057248836	0.113057248835503	7495	1	72
1075	10.2202833333333	759.117301632127	0.117301632126782	4437	1	63
380	3.17575	760.469778419475	0.46977841947546	5143	1	67
133	1.02705	761.536420342648	0.536420342648171	73833	1	78
134	1.02838333333333	762.534763519074	0.534763519073636	35110	1	65
908	8.77405	764.995303313297	0.995303313297086	12804	1	84
247	1.43753333333333	765.582528302264	0.582528302264336	4863	1	51
229	1.37836666666667	765.583096718433	0.583096718432671	3435	1	45
884	8.71021666666667	765.983278089074	0.983278089074247	8091	1	79
909	8.77538333333333	765.990495086955	0.990495086954752	9424	1	78
910	8.77803333333333	766.993394195555	0.993394195555425	14668	1	87
885	8.71155	766.99340909132	0.993409091320473	8851	1	78
886	8.71288333333333	767.983465562601	0.983465562601054	7534	1	76
135	1.02971666666667	773.531949582045	0.531949582045399	15970	1	59
151	1.05905	786.47639478264	0.47639478264	6561	1	66
922	8.82236666666667	786.976849760884	0.976849760883624	2510	1	50
647	7.98943333333333	797.045372328612	0.0453723286118475	509140	1	94
680	8.05008333333333	797.04552983632	0.045529836319929	125303	1	88
615	7.9301	797.046235290009	0.0462352900092355	306304	1	93
1027	9.52816666666667	809.030987558607	0.0309875586074213	9280	1	82
1019	9.48016666666667	809.034159477673	0.0341594776728016	7477	1	81
1028	9.53081666666667	811.031991524638	0.0319915246384426	9099	1	81
1047	9.61948333333333	811.032427159797	0.0324271597972938	7785	1	79
681	8.05141666666667	821.006825690098	0.00682569009836698	130896	1	90
648	7.99076666666667	821.006871289819	0.00687128981928709	406346	1	93
616	7.93143333333333	821.00810852578	0.00810852578024424	308338	1	92
827	8.51406666666667	836.980409094209	0.980409094209335	2684	1	65
876	8.68588333333333	838.981693332194	0.981693332194254	6353	1	67
259	1.4642	860.531264456844	0.531264456844497	4423	1	38
260	1.46553333333333	862.534257079971	0.534257079970871	7880	1	47
238	1.40803333333333	864.531236034745	0.531236034745234	8797	1	48
291	1.55485	864.531807561449	0.531807561449455	6015	1	66
261	1.46685	866.52979262361	0.529792623609524	4908	1	40
622	7.9436	879.047057878325	0.047057878325063	275029	1	92
654	8.00293333333333	879.049734281806	0.0497342818057405	258212	1	92
831	8.5249	880.933437648786	0.933437648785684	50047	1	91
887	8.71421666666667	880.934469186685	0.934469186684737	83837	1	93
987	9.24501666666667	880.935945494391	0.935945494390921	12597	1	87
807	8.46856666666667	880.936354090793	0.936354090793316	23206	1	90
859	8.60938333333333	881.935025776588	0.935025776587509	38265	1	88
832	8.52623333333333	881.93673912214	0.936739122140352	57680	1	90
833	8.52756666666667	882.931297288003	0.931297288003293	124604	1	93
808	8.4699	882.932864047885	0.932864047885232	52933	1	90
970	9.19435	882.933323550764	0.933323550763816	7018	1	83
788	8.4194	882.934811158134	0.934811158134494	11858	1	81
834	8.52888333333333	883.933894903753	0.933894903753071	51200	1	89
860	8.61071666666667	883.936134322032	0.936134322031762	39821	1	88
835	8.53021666666667	884.929901397829	0.92990139782944	69308	1	91
861	8.61205	884.930321809248	0.930321809247857	50500	1	89
809	8.47123333333333	884.933126840451	0.933126840450541	31577	1	88
993	9.26901666666667	885.930580452285	0.930580452284858	3823	1	73
880	8.70071666666667	885.93458011959	0.934580119589896	22186	1	88
1005	9.34783333333333	902.916483407339	0.916483407339115	2383	1	59
649	7.9921	903.010578684655	0.010578684654547	369753	1	93
617	7.93276666666667	903.011626734882	0.0116267348817019	273993	1	92
994	9.27433333333333	904.913774343305	0.913774343305022	6914	1	76
836	8.53155	904.914447256732	0.914447256731933	24526	1	77
810	8.47256666666667	904.915379071985	0.91537907198483	19186	1	77
789	8.42073333333333	906.912915175751	0.912915175751323	5345	1	58
828	8.51671666666667	924.893928732798	0.893928732798145	4404	1	63
790	8.42206666666667	926.892759759845	0.892759759844807	4269	1	48
866	8.64138333333333	944.899532396283	0.899532396283121	4311	1	70
888	8.71555	944.902179722846	0.902179722846427	7664	1	60
623	7.94493333333333	961.050848803703	0.0508488037025927	188595	1	91
655	8.00426666666667	961.052788253071	0.0527882530710713	172091	1	90
269	1.48151666666667	963.484399386504	0.484399386504265	5940	1	39
624	7.94626666666667	985.012188743498	0.0121887434976315	272206	1	91
656	8.0056	985.014079293808	0.014079293808436	226220	1	91
625	7.9476	1067.01526745135	0.01526745135493	198313	1	89
657	8.00693333333333	1067.01664748984	0.0166474898389879	159509	1	88
1048	9.62215	1106.20217767238	0.202177672377729	6424	1	75
1034	9.56348333333333	1106.20358940387	0.203589403867682	5853	1	79
253	1.4522	1107.91837444531	0.918374445305517	2561	1	14
1037	9.57815	1128.17919037607	0.179190376066117	3529	1	52
