1313
101	0.835666666666667	50.9645764801674	0.96457648016743	474	1	77
117	0.894333333333333	50.964690522119	0.964690522119049	457	1	77
82	0.775666666666667	50.9648337630475	0.964833763047473	255	1	38
118	0.897	52.9606258605335	0.960625860533462	189	1	52
102	0.838333333333333	52.9612694148161	0.961269414816059	182	1	58
83	0.777	52.9619793372339	0.961979337233892	131	1	14
1212	19.5799333333333	57.9755207859596	0.97552078595956	1078	1	0
1230	19.6399166666667	57.9761036606345	0.976103660634521	2024	1	14
208	1.11315	58.8377740389129	0.837774038912912	15167	1	83
229	1.17915	58.8379471656844	0.83794716568444	21619	1	91
353	2.24423333333333	58.8382019014426	0.838201901442638	5413	1	85
242	1.23515	58.8382493517155	0.838249351715454	20407	1	89
1117	13.8428	58.845516497736	0.845516497736	21863	1	91
1152	16.4039666666667	58.8493156328585	0.849315632858456	22634	1	91
176	1.05431666666667	59.0142665513648	0.0142665513648126	5206	1	70
1138	15.60685	59.0212351265281	0.0212351265281399	21814	1	92
890	8.7803	59.0213532505142	0.0213532505142169	21155	1	91
358	2.64655	59.0225876701604	0.0225876701604406	7326	1	89
1114	13.67015	59.4751186619507	0.47511866195066	269	1	21
1163	16.9699333333333	59.496214369099	0.496214369098972	250	1	30
1124	14.6047666666667	59.5006136483671	0.50061364836715	319	1	29
1157	16.6571166666667	59.5187501608762	0.518750160876202	409	1	46
493	5.69935	59.5571149488161	0.557114948816086	473	1	31
1103	12.5862166666667	59.5770972773167	0.577097277316717	540	1	44
1178	17.8712	59.5883742817518	0.588374281751776	514	1	50
552	6.84643333333333	59.5885826355048	0.588582635504849	521	1	36
511	6.20698333333333	59.6139725355072	0.61397253550723	611	1	45
507	6.10365	59.6168049069725	0.616804906972547	620	1	32
489	5.3622	59.617531157177	0.617531157176956	643	1	25
1080	10.8868333333333	59.629245222632	0.629245222631951	547	1	48
530	6.3693	59.6356289416438	0.635628941643787	466	1	17
1132	15.15905	59.6382838135907	0.638283813590725	697	1	58
1187	18.20585	59.641918689356	0.641918689355968	755	1	54
1120	14.10245	59.6500501368775	0.65005013687751	736	1	53
484	5.06121666666667	59.6919654189177	0.691965418917711	899	1	28
644	7.88036666666667	59.7016811108956	0.701681110895585	826	1	17
1173	17.5945666666667	59.7390780633278	0.739078063327803	780	1	57
545	6.56361666666667	59.7541076486732	0.754107648673198	994	1	53
1190	18.27885	59.7548319869075	0.754831986907533	917	1	43
1135	15.4858666666667	59.761615501344	0.761615501343968	860	1	54
1102	12.4784	59.7730175161204	0.773017516120362	831	1	51
509	6.15531666666667	59.7857430847669	0.785743084766906	880	1	39
450	3.79713333333333	59.79104446023	0.791044460230026	922	1	55
1113	13.52365	59.8062901824442	0.806290182444222	944	1	60
1182	18.0232	59.8087154737398	0.80871547373976	779	1	61
1175	17.7778833333333	59.8552614853852	0.855261485385171	883	1	52
1202	19.3554333333333	59.8807300849387	0.880730084938712	1175	1	55
1110	13.15485	59.9177191583647	0.91771915836474	931	1	52
568	7.25306666666667	59.9179722084396	0.917972208439558	902	1	44
1171	17.4720666666667	59.9682573615709	0.968257361570949	925	1	65
1104	12.6553833333333	59.9683871399622	0.968387139962182	919	1	59
7	0.162383333333333	59.97005971405	0.970059714050002	1603	1	59
1144	15.9658333333333	59.9727198800087	0.972719880008704	899	1	50
1259	19.72675	59.976109454851	0.976109454851048	1183	1	25
357	2.50288333333333	59.9853604597815	0.985360459781546	426	1	26
1311	19.9545666666667	59.9855995322967	0.985599532296661	2032	1	78
1137	15.5440166666667	59.9926489933797	0.992648993379731	992	1	57
1160	16.8201	59.9941710062945	0.994171006294472	919	1	61
1149	16.27015	59.9942591828532	0.99425918285317	976	1	60
1007	9.15961666666667	59.9956341426311	0.995634142631104	404	1	0
1106	12.9643666666667	59.9957684812468	0.99576848124677	866	1	65
23	0.628683333333333	59.9963891742946	0.99638917429462	1852	1	47
1108	13.0580166666667	59.9966845133027	0.996684513302654	859	1	54
1123	14.4486	59.9971530637	0.997153063700019	816	1	54
12	0.259866666666667	60.0011016888029	0.00110168880286921	1755	1	66
1092	11.8241166666667	60.0043054820501	0.0043054820500501	861	1	58
1105	12.8563666666667	60.0048111753617	0.00481117536170927	962	1	68
1192	18.3756666666667	60.0054455240687	0.0054455240687048	843	1	54
43	0.686683333333333	60.0056801939039	0.00568019390392038	1170	1	18
1126	14.83975	60.0063850794691	0.00638507946909073	922	1	62
1166	17.25125	60.0065314281323	0.00653142813230545	810	1	59
1140	15.7806833333333	60.0093183175167	0.00931831751667289	871	1	57
177	1.05565	60.0170591902688	0.0170591902687889	429	1	0
1087	11.25915	60.0248152851084	0.0248152851084313	884	1	58
1201	19.2031166666667	60.0301971923557	0.0301971923557431	1194	1	48
515	6.2653	60.0559037351022	0.0559037351022411	549	1	10
490	5.4152	60.1461903279139	0.146190327913892	834	1	43
555	6.96476666666667	60.3074717490371	0.307471749037127	541	1	35
1203	19.4661	60.31825308045	0.31825308045002	606	1	45
1196	18.7548166666667	60.4550604105743	0.455060410574298	199	1	0
1090	11.6596166666667	60.5535477784537	0.553547778453662	400	1	12
1180	17.9585333333333	60.7000368911885	0.700036891188532	600	1	33
1112	13.4608333333333	60.7019791212724	0.701979121272387	525	1	41
1193	18.4675	60.7080922952187	0.708092295218719	641	1	33
1089	11.4973	60.7115613488453	0.711561348845294	487	1	23
475	4.68875	60.714855519127	0.714855519127042	136	1	25
498	5.92316666666667	60.7165716065431	0.71657160654312	153	1	9
825	8.28733333333333	60.9932412225281	0.993241222528113	355	1	25
804	8.20468333333333	60.9936803247745	0.993680324774495	253	1	0
495	5.7575	60.9988362234386	0.998836223438644	209	1	16
589	7.54571666666667	61.0006548542107	0.000654854210736744	303	1	14
1081	10.9751666666667	61.0057073051178	0.00570730511775253	587	1	22
209	1.11448333333333	61.0182074625276	0.0182074625276272	71	1	0
230	1.18446666666667	61.0182956905269	0.0182956905269194	167	1	0
243	1.23915	61.0183110042415	0.0183110042414754	156	1	0
253	1.29696666666667	61.0225480302632	0.0225480302631524	109	1	0
1231	19.6425833333333	61.8026050347835	0.802605034783468	234065	1	97
1213	19.5812666666667	61.8027206965933	0.802720696593347	143961	1	96
1199	19.12245	61.8027405920261	0.802740592026083	46908	1	96
279	1.42663333333333	61.988832145211	0.98883214521102	55546	1	96
320	1.54528333333333	61.9888557547423	0.988855754742289	129057	1	97
782	8.14601666666667	61.9888588810538	0.988858881053801	16203	1	94
132	0.951666666666667	61.9889125086847	0.988912508684741	89621	1	96
805	8.20601666666667	61.9889232645761	0.988923264576052	18791	1	95
302	1.48661666666667	61.9889702536441	0.988970253644062	108320	1	97
1214	19.5839333333333	61.9890199933815	0.989019993381532	143627	1	97
1279	19.78675	61.9890608755072	0.989060875507199	324039	1	97
468	4.51075	61.997558540046	0.997558540046015	20590	1	95
1232	19.64525	62.9863382373472	0.986338237347233	1128	1	68
1252	19.7120833333333	63.9929817589704	0.992981758970373	1534	1	65
93	0.819666666666667	66.9596318671153	0.959631867115263	11358	1	92
280	1.42796666666667	66.9596569655341	0.959656965534137	191	1	26
109	0.878333333333333	66.9596799432313	0.959679943231265	11444	1	92
124	0.937	66.9596822927681	0.959682292768051	11154	1	92
74	0.760833333333333	66.959706825545	0.959706825545041	1401	1	66
75	0.762166666666667	68.956658707244	0.95665870724396	1085	1	46
94	0.821	68.9566971633049	0.956697163304867	4513	1	86
110	0.879666666666667	68.956772703026	0.956772703026019	4143	1	85
125	0.938333333333333	68.9568027632397	0.956802763239665	4010	1	87
790	8.16068333333333	68.9949072288629	0.994907228862886	26	1	0
416	3.60715	68.995161328489	0.99516132848899	24	1	0
1099	12.1610833333333	68.9953148226038	0.995314822603802	24	1	0
819	8.25001666666667	68.9953356167231	0.995335616723139	28	1	0
1128	14.9525666666667	68.9954270889632	0.995427088963211	28	1	25
55	0.71635	73.0296735848465	0.0296735848464778	174	1	0
1130	15.0077333333333	75.0077387598436	0.0077387598435763	59	1	20
1154	16.4558	75.0083131863689	0.00831318636889478	80	1	11
1283	19.8000833333333	75.9621421270956	0.962142127095575	88	1	0
768	8.11651666666667	76.9699226717764	0.969922671776359	1639	1	76
465	4.47093333333333	76.9702852929562	0.970285292956177	3550	1	92
812	8.23401666666667	76.9706790970461	0.970679097046101	2672	1	73
1217	19.5946	77.9693242244679	0.969324224467854	1198	1	73
1207	19.5399333333333	77.9699310375356	0.969931037535616	666	1	80
1234	19.6534333333333	77.9700006852055	0.970000685205534	1293	1	72
294	1.47063333333333	78.680803681641	0.680803681640981	3333393	1	4
178	1.05698333333333	78.6812094901859	0.681209490185879	2871509	1	3
1047	9.50343333333333	78.9186452508251	0.918645250825122	4591	1	74
1034	9.4066	78.9187728568214	0.918772856821434	3951	1	79
1218	19.5959333333333	78.918780205358	0.91878020535799	11905	1	42
179	1.05831666666667	78.9192130521715	0.919213052171457	2909084	1	2
62	0.731166666666667	78.9192414205032	0.919241420503212	115906	1	8
590	7.54838333333333	78.919452391408	0.919452391407972	10782	1	11
391	3.3225	78.9269647273422	0.926964727342181	167333	1	3
872	8.65015	78.9581832140933	0.958183214093282	4440	1	67
863	8.58215	78.9586349085342	0.958634908534179	4699	1	63
1057	9.60458333333333	78.964299852778	0.964299852778026	4453	1	77
1162	16.9552666666667	78.9665283040323	0.966528304032309	3339	1	77
1131	15.1443833333333	78.9691310976716	0.969131097671621	4654	1	79
1127	14.8640666666667	78.9704769499468	0.970476949946828	4673	1	67
295	1.47195	79.9557244513975	0.955724451397543	1519	1	0
971	9.04145	79.9565810966307	0.956581096630714	30	1	0
321	1.54928333333333	79.9571068775283	0.957106877528275	339	1	0
180	1.05965	80.6725489202129	0.672548920212904	2845588	1	1
260	1.34613333333333	80.672746403719	0.672746403719003	1440293	1	2
276	1.4133	80.6841423389622	0.684142338962161	3154271	1	6
277	1.4173	80.6880576112912	0.688057611291228	3259779	1	11
834	8.32333333333333	80.9159898114862	0.915989811486213	5641	1	15
796	8.17535	80.9166684629854	0.916668462985385	4422	1	0
1219	19.5972666666667	80.9168650802119	0.916865080211863	12025	1	25
1260	19.7280833333333	80.9170148068102	0.917014806810201	21698	1	32
63	0.7325	80.9171175041932	0.917117504193214	123667	1	15
181	1.06098333333333	80.9171260254722	0.917126025472228	3114784	1	4
210	1.11581666666667	80.9172577032339	0.917257703233872	606005	1	3
600	7.61905	80.9220798132726	0.922079813272632	10503	1	0
296	1.47328333333333	81.4999466694998	0.499946669499778	238	1	0
111	0.881	82.7043264885137	0.704326488513729	5801496	1	98
126	0.939666666666667	82.7045447014136	0.70454470141361	5746016	1	98
95	0.822333333333333	82.7048390662979	0.704839066297893	5795620	1	97
322	1.55328333333333	82.9544317670638	0.954431767063824	222228	1	97
26	0.646183333333333	82.9544916847852	0.954491684785154	891	1	66
297	1.47461666666667	82.9544971294163	0.954497129416268	237704	1	96
96	0.823666666666667	82.9548056448033	0.954805644803258	6015408	1	98
112	0.882333333333333	82.95487090467	0.95487090466996	6059842	1	98
127	0.941	82.9548953347128	0.954895334712759	5996881	1	98
144	0.99565	83.4366447979032	0.436644797903227	5819	1	71
145	0.996983333333333	83.451489222331	0.451489222331034	7676	1	74
146	0.998316666666667	83.5702121093043	0.570212109304279	7103	1	75
147	0.99965	83.7812289864016	0.781228986401629	9268	1	77
97	0.825	83.9584519592978	0.95845195929779	10656	1	79
148	1.00098333333333	83.9877001335152	0.98770013351519	9663	1	80
149	1.00231666666667	84.1396603173399	0.139660317339903	10954	1	77
150	1.00365	84.2912972980005	0.291297298000487	130326	1	94
128	0.942333333333333	84.6943990420898	0.694399042089771	2990855	1	98
113	0.883666666666667	84.6946066033238	0.694606603323777	3011318	1	98
98	0.826333333333333	84.6948210239671	0.694821023967052	3111389	1	98
114	0.885	84.7001130103104	0.700113010310389	3064414	1	98
27	0.651516666666667	84.9512211704571	0.951221170457103	501	1	41
298	1.47595	84.9517311412445	0.951731141244451	83235	1	94
99	0.827666666666667	84.9518887572989	0.951888757298903	3270788	1	98
129	0.94365	84.9519482211827	0.951948221182676	3218310	1	98
76	0.7635	84.9519535074043	0.951953507404312	743441	1	97
115	0.886333333333333	84.9519752524863	0.951975252486264	3247636	1	98
299	1.47728333333333	84.9576099041932	0.957609904193234	87057	1	94
300	1.47861666666667	86.0062047715982	0.00620477159820609	586	1	25
356	2.47855	86.006596718329	0.00659671832899278	348	1	56
594	7.58305	86.0070084007889	0.00700840078891929	707	1	52
838	8.35133333333333	86.0070832701001	0.00708327010009668	395	1	0
783	8.14735	86.0073654055471	0.0073654055471053	359	1	0
806	8.20735	86.0073859279094	0.00738592790942505	499	1	0
1096	11.9597666666667	86.014577502973	0.0145775029729975	1329	1	60
100	0.829	86.9540801826264	0.95408018262637	19074	1	86
116	0.887666666666667	86.9550359520461	0.955035952046117	18865	1	85
130	0.944983333333333	86.9554151257811	0.955415125781144	18377	1	87
839	8.35266666666667	87.0035667957894	0.00356679578936792	2015	1	24
323	1.55861666666667	87.0036863951061	0.0036863951061008	1854	1	12
273	1.39513333333333	87.0037676181294	0.00376761812944437	669	1	8
784	8.14868333333333	87.0038825891472	0.00388258914719586	1748	1	0
1296	19.85875	89.0241799597475	0.0241799597474852	580	1	37
1249	19.69875	89.0245652106381	0.0245652106381016	375	1	57
1100	12.25625	91.9556310291118	0.9556310291118	20	1	11
1156	16.59095	91.9567248726556	0.956724872655556	22	1	0
1215	19.5866	91.9574531061283	0.957453106128312	44	1	0
305	1.49995	94.912731684727	0.912731684726992	6614	1	79
192	1.08381666666667	94.9132105566819	0.913210556681946	6703	1	83
51	0.70285	94.9140913795493	0.914091379549347	105547	1	96
77	0.764833333333333	94.9141577657344	0.914157765734416	147142	1	95
324	1.55995	94.9144436653371	0.914443665337103	7086	1	79
78	0.766166666666667	94.9658358245473	0.965835824547284	133477	1	95
551	6.78976666666667	94.980143698518	0.980143698517992	5366	1	92
776	8.13135	94.9801696693363	0.980169669336277	7385	1	88
826	8.29266666666667	94.9806088358741	0.980608835874051	10150	1	90
807	8.20868333333333	94.9808154341745	0.980815434174474	8964	1	89
325	1.56128333333333	96.9109279719117	0.910927971911704	24709	1	91
79	0.7675	96.9123327772557	0.912332777255742	120098	1	95
1280	19.7894166666667	96.9604791003623	0.960479100362306	49518	1	94
1220	19.5986	96.9605513893435	0.960551389343451	24108	1	90
985	9.07511666666667	96.9605684813655	0.96056848136547	20960	1	94
281	1.4293	96.9606033891654	0.960603389165371	15841	1	90
1208	19.5452666666667	96.9606746740849	0.960674674084927	11573	1	92
1167	17.2690833333333	96.96116171906	0.961161719060016	5694	1	90
340	1.64778333333333	97.9315431204913	0.931543120491341	345	1	53
35	0.67185	98.9494439387485	0.949443938748459	184177	1	96
1235	19.6547666666667	98.9541394259961	0.954139425996118	3018	1	63
354	2.2654	98.9557784577907	0.955778457790714	1059	1	69
822	8.26468333333333	99.9253956727698	0.925395672769767	175	1	13
1041	9.46476666666667	99.9254682721288	0.925468272128811	856	1	12
791	8.16201666666667	99.9256359894497	0.92563598944966	234	1	0
585	7.52121666666667	99.9259652892677	0.925965289267708	231	1	43
606	7.65338333333333	99.9260911580748	0.926091158074797	358	1	18
303	1.49061666666667	99.9261189140362	0.926118914036223	725	1	64
1253	19.7134166666667	99.9262776317405	0.926277631740504	741	1	43
1121	14.4032666666667	99.9311603033576	0.931160303357629	144	1	19
1236	19.6561	100.925083421898	0.925083421897952	803	1	22
598	7.60705	100.925807426041	0.925807426040549	377	1	46
64	0.733833333333333	100.931594908585	0.931594908584998	25722	1	88
36	0.673183333333333	100.945715235521	0.945715235520993	59937	1	93
17	0.612516666666667	100.945929841867	0.945929841866814	80226	1	94
1204	19.5159333333333	101.059934167016	0.0599341670158822	269	1	48
123	0.93165	101.923376946257	0.923376946257179	420	1	64
11	0.2317	101.924883519548	0.924883519547961	469	1	63
37	0.674516666666667	105.989564720235	0.989564720235094	4325	1	89
18	0.61385	105.989839250754	0.989839250754116	4783	1	86
278	1.4213	110.908292825602	0.908292825601777	1105	1	69
335	1.61311666666667	110.908634655878	0.908634655877705	1753	1	80
326	1.56261666666667	110.90864969197	0.908649691970112	1657	1	56
301	1.47995	112.905655799203	0.905655799202634	1714	1	58
336	1.61845	112.906345348639	0.906345348638936	2152	1	82
152	1.01031666666667	113.924894054688	0.924894054687528	3479	1	86
107	0.867666666666667	113.925044965448	0.925044965448066	3108	1	92
1225	19.6239166666667	114.933158557659	0.933158557658814	2040	1	76
1288	19.81475	114.934257781379	0.934257781379202	3471	1	77
1246	19.6840833333333	114.934459744448	0.934459744447594	3361	1	80
14	0.548683333333333	114.943973961307	0.943973961307421	11290	1	93
1088	11.4471333333333	115.076016359324	0.0760163593244414	722	1	81
70	0.747333333333333	115.920912108103	0.920912108103096	12458	1	94
623	7.75855	115.920955677442	0.920955677441782	1627	1	87
367	3.02603333333333	116.572401594546	0.572401594545838	59854	1	96
306	1.50128333333333	116.928774695	0.928774695000087	46797	1	94
329	1.57328333333333	116.928782355517	0.928782355517384	51908	1	95
1265	19.7414166666667	116.928836446636	0.928836446636083	70797	1	95
287	1.4413	116.928848731016	0.928848731016004	28391	1	94
1209	19.5599333333333	116.929059685517	0.929059685516549	25642	1	95
601	7.62305	116.929170847623	0.929170847623467	20149	1	95
831	8.30866666666667	116.929604319949	0.929604319948851	10982	1	92
857	8.50016666666667	116.937063725346	0.937063725346334	12278	1	94
1134	15.3843666666667	117.927074686252	0.927074686252354	1031	1	84
288	1.44263333333333	117.927416132852	0.927416132852272	4579	1	79
591	7.55105	117.9280783326	0.928078332600279	2059	1	82
269	1.3803	117.928383766303	0.928383766303185	984	1	81
330	1.57461666666667	117.928867127443	0.92886712744324	6319	1	86
1036	9.41876666666667	117.928883118616	0.928883118616127	1276	1	79
1049	9.53075	117.928957688506	0.928957688505847	1887	1	87
1226	19.62525	117.929341039253	0.929341039253217	5227	1	88
337	1.62511666666667	118.898258706814	0.898258706814346	2616	1	75
307	1.50261666666667	118.929108128634	0.929108128634212	2497	1	62
461	4.4106	119.016872087037	0.0168720870373136	3351	1	84
1227	19.6279166666667	119.017381892586	0.0173818925860587	20042	1	89
760	8.10168333333333	119.01756161001	0.0175616100095368	5257	1	74
892	8.8003	119.024567218654	0.0245672186544681	4484	1	86
345	1.6951	120.896701310442	0.896701310441657	596	1	49
556	7.01491666666667	121.028735627514	0.0287356275144219	428	1	41
1254	19.71475	121.030255458711	0.0302554587114798	1389	1	28
482	5.00623333333333	121.031235450239	0.0312354502391656	581	1	54
645	7.88303333333333	126.904622287757	0.904622287757078	93159	1	84
308	1.50395	126.904766930621	0.904766930620937	537964	1	94
282	1.43063333333333	126.904811563676	0.90481156367612	326747	1	93
261	1.34746666666667	126.904829644978	0.904829644978349	45849	1	86
331	1.57728333333333	126.904853565758	0.904853565757563	568354	1	95
785	8.15001666666667	126.904886995283	0.904886995283064	59328	1	87
1040	9.45943333333333	126.904968069124	0.904968069123825	5387	1	34
573	7.32656666666667	126.905006665993	0.905006665993199	55626	1	22
65	0.735166666666667	126.90528214829	0.905282148290297	577266	1	7
1181	17.9988666666667	126.905386513175	0.905386513175102	1719	1	13
744	8.07201666666667	127.001491931712	0.00149193171175455	20299	1	93
338	1.62911666666667	128.508789617561	0.50878961756095	193690	1	96
254	1.30096666666667	128.901604153042	0.901604153041717	5053	1	87
262	1.3488	128.901707550293	0.90170755029277	11529	1	88
283	1.43196666666667	128.901791969031	0.901791969030654	96929	1	95
1169	17.3432333333333	129.090628471959	0.090628471959036	158	1	9
211	1.11715	129.09173890218	0.0917389021798556	335	1	50
1198	18.9186333333333	129.092997267181	0.0929972671810901	80	1	5
499	5.93816666666667	132.89916249531	0.899162495310009	3534	1	75
313	1.52928333333333	132.899193463657	0.899193463657383	2888	1	64
487	5.31686666666667	132.900425921143	0.900425921143295	1827	1	80
121	0.911666666666667	132.923087275034	0.923087275034391	5125	1	89
1313	19.9747333333333	132.923515558919	0.92351555891932	2286	1	75
84	0.778333333333333	132.924055488735	0.924055488734894	11041	1	84
1107	12.9790333333333	133.014563519309	0.0145635193093199	481	1	40
346	1.8071	134.481559475297	0.48155947529736	83032	1	96
1197	18.8623	134.892869122032	0.892869122031698	1059	1	67
820	8.254	134.89370600125	0.89370600125028	2595	1	78
837	8.346	134.894590086181	0.894590086181097	3010	1	83
496	5.8875	134.89477909636	0.89477909636031	22576	1	94
4	0.11455	134.894810867207	0.894810867207298	5407	1	82
500	5.9395	134.894822931086	0.894822931086253	62667	1	94
512	6.23231666666667	134.894841843448	0.894841843448035	56450	1	95
8	0.180533333333333	134.895232943142	0.895232943142105	4971	1	82
595	7.58973333333333	134.895362370636	0.895362370635581	11562	1	90
270	1.38296666666667	134.89550818996	0.895508189959656	2899	1	78
314	1.53061666666667	134.901411410917	0.90141141091658	29698	1	91
1083	11.08165	134.985767560507	0.985767560506815	1886	1	77
216	1.12781666666667	134.986886776016	0.98688677601578	794	1	31
614	7.70821666666667	135.895046940333	0.89504694033306	3468	1	87
341	1.66578333333333	135.895134897016	0.895134897016106	5072	1	88
501	5.94083333333333	135.895173175048	0.895173175048313	5687	1	86
607	7.65471666666667	135.895340581796	0.895340581796347	2082	1	74
584	7.50655	136.89111424081	0.891114240809628	2837	1	77
334	1.59728333333333	136.891944574909	0.891944574908507	15731	1	92
502	5.94216666666667	136.892116587489	0.892116587489198	18514	1	87
292	1.45995	136.892229251856	0.892229251855923	9249	1	91
546	6.60395	136.902251280993	0.902251280993397	17058	1	92
1205	19.5252666666667	136.9367902193	0.936790219299525	3926	1	81
1289	19.8160833333333	136.937029831992	0.937029831992191	7922	1	76
1085	11.15915	136.945100237851	0.945100237851477	2325	1	79
1261	19.7294166666667	137.027189023337	0.0271890233370016	8518	1	83
1223	19.6132666666667	137.02754153837	0.0275415383702011	6946	1	85
615	7.71088333333333	137.890465932754	0.890465932753898	2273	1	69
513	6.23763333333333	137.891539324413	0.89153932441269	2770	1	82
503	5.94483333333333	137.892410964902	0.892410964901558	2850	1	77
371	3.06185	137.901789674362	0.901789674361964	10285	1	90
234	1.2138	138.020630338607	0.0206303386073614	1005	1	73
80	0.768833333333333	138.915185982114	0.915185982114451	99030	1	95
52	0.7055	140.912798757361	0.912798757361458	72663	1	95
81	0.770166666666667	140.913074061264	0.913074061263785	93505	1	95
728	8.04235	141.017493962917	0.0174939629167739	497280	1	97
664	7.92353333333333	141.017553378642	0.0175533786415656	467645	1	97
696	7.98303333333333	141.017565452182	0.0175654521817421	629973	1	98
643	7.8737	141.017689104891	0.0176891048909056	16195	1	94
366	3.01668333333333	143.107756699849	0.107756699849432	921	1	69
235	1.21915	143.10858572733	0.108585727330279	635	1	66
394	3.4555	143.116275958547	0.11627595854668	1016	1	66
387	3.23366666666667	144.870206359458	0.870206359458393	959	1	70
483	5.03373333333333	146.022949205195	0.0229492051953457	267	1	49
5	0.129383333333333	146.023942833074	0.0239428330736189	461	1	42
360	2.71786666666667	146.986885406283	0.986885406282852	449	1	46
217	1.12915	146.986931084862	0.986931084861737	301	1	21
1101	12.3737333333333	148.97116611372	0.971166113719619	178	1	12
1262	19.73075	149.009220775536	0.00922077553622103	540	1	3
332	1.57995	153.868061787032	0.868061787031792	1046	1	54
389	3.27983333333333	154.867556786166	0.867556786165579	1661	1	69
835	8.32733333333333	154.946249352974	0.946249352974178	2213	1	76
1050	9.53608333333333	154.946532062711	0.946532062711043	2442	1	80
823	8.26868333333333	154.946935226952	0.946935226952007	2171	1	79
777	8.13268333333333	154.947375350701	0.94737535070098	2421	1	60
1210	19.5692666666667	154.947532048513	0.947532048513494	6549	1	88
224	1.16048333333333	155.026633707188	0.0266337071878695	1118	1	45
350	2.14208333333333	155.027737000069	0.0277370000688109	1151	1	64
245	1.2578	155.028082148476	0.0280821484759315	1529	1	73
359	2.69353333333333	155.873082071327	0.873082071326849	1609	1	81
1109	13.0726833333333	155.945501814772	0.945501814771859	482	1	53
1250	19.70275	155.945937675032	0.945937675031502	1524	1	66
1228	19.6305833333333	155.947135103341	0.947135103340742	1195	1	56
580	7.43056666666667	156.990844968196	0.990844968195688	15965	1	95
576	7.38023333333333	156.991221965407	0.991221965406766	17244	1	94
151	1.00498333333333	156.995343089898	0.995343089897773	8779	1	86
131	0.946316666666667	156.996985139637	0.996985139636905	20612	1	90
1119	13.9268	157.023582623923	0.0235826239227208	741	1	49
1116	13.7478166666667	157.025309155428	0.0253091554284879	808	1	48
380	3.15351666666667	158.843569973686	0.843569973686385	28920	1	94
268	1.37346666666667	158.845541040671	0.845541040671122	27779	1	95
184	1.06915	158.845785427565	0.845785427565147	26218	1	94
559	7.07291666666667	158.894891459918	0.894891459917517	9407	1	91
516	6.2693	158.93856636179	0.938566361790294	4652	1	84
342	1.67245	158.938612700964	0.93861270096437	20857	1	93
1039	9.44143333333333	159.891299177738	0.891299177737523	469	1	47
1048	9.52141666666667	159.892632754484	0.8926327544836	393	1	42
608	7.65605	159.893609511769	0.893609511769483	563	1	10
185	1.07048333333333	160.842535409549	0.842535409549129	56804	1	95
231	1.19115	160.8427144213	0.842714421299547	15784	1	93
218	1.13181666666667	160.844125943315	0.844125943314765	15155	1	92
352	2.2199	160.935397000733	0.935397000733104	24801	1	94
393	3.43416666666667	162.838984377287	0.838984377286693	6427	1	87
504	5.9475	162.839371760528	0.839371760528394	756	1	30
256	1.3143	162.839682447807	0.839682447807064	19755	1	94
186	1.07181666666667	162.84167567273	0.841675672730304	32124	1	94
769	8.11785	164.979075283452	0.97907528345192	4162	1	81
368	3.03135	166.050578543299	0.0505785432989114	485	1	28
1221	19.60125	166.98373770891	0.983737708910013	3643	1	66
1241	19.6680833333333	166.983792449137	0.9837924491367	4387	1	60
1058	9.70691666666667	166.984194083465	0.984194083465411	1510	1	65
884	8.73365	168.98843979986	0.988439799859719	473	1	10
550	6.76226666666667	168.989764133429	0.989764133428793	373	1	21
1001	9.13411666666667	168.98984108701	0.989841087009779	444	1	23
133	0.953	170.485317801197	0.485317801197311	169485	1	95
119	0.899666666666667	171.011885858978	0.0118858589776494	21707	1	94
134	0.954333333333333	171.012530038196	0.0125300381956208	249007	1	95
153	1.01165	171.012875719897	0.0128757198968401	71703	1	93
187	1.07315	171.013136418307	0.0131364183074254	29999	1	90
135	0.95565	171.024831148451	0.0248311484511703	233242	1	95
1185	18.1346833333333	171.101313229051	0.101313229051158	239	1	12
257	1.31963333333333	171.101649488098	0.101649488098417	453	1	31
478	4.75208333333333	171.104028420258	0.104028420258174	320	1	32
1	0.0783833333333333	171.111985000391	0.111985000390575	1092	1	34
811	8.22868333333333	171.138290117072	0.138290117071875	573	1	57
219	1.13448333333333	171.139107562534	0.139107562534178	3890	1	78
154	1.01298333333333	172.011974793432	0.011974793432131	6808	1	80
136	0.956983333333333	172.015043477757	0.0150434777569899	19119	1	87
582	7.4834	172.957225617208	0.95722561720774	2528	1	79
1274	19.77075	172.958305558225	0.958305558225078	33418	1	90
1237	19.6574333333333	172.958395804445	0.958395804444933	26362	1	91
1216	19.58925	172.958613634798	0.958613634797871	18008	1	91
137	0.958316666666667	173.007967266015	0.00796726601504361	12772	1	82
1150	16.2848166666667	173.954976794882	0.954976794881901	2183	1	84
53	0.708166666666667	174.889112039244	0.889112039244168	3720	1	54
519	6.30413333333333	174.889342306322	0.889342306321652	41594	1	91
510	6.19231666666667	174.88944861026	0.88944861025999	9854	1	85
629	7.7897	174.889805273818	0.889805273817501	233369	1	94
531	6.37196666666667	174.889832721793	0.889832721793255	72954	1	92
536	6.4288	174.889903001477	0.889903001476824	96343	1	94
514	6.25865	174.889921815461	0.889921815461463	23897	1	90
508	6.12465	174.89066311997	0.890663119970299	4542	1	77
630	7.79103333333333	174.905333981407	0.905333981406841	240473	1	94
979	9.05628333333333	174.93813801248	0.938138012479783	3472	1	55
431	3.67698333333333	176.849750403512	0.849750403511678	7435	1	88
236	1.22046666666667	176.850706951946	0.850706951945739	4872	1	79
808	8.21001666666667	176.894413369938	0.894413369938007	3037	1	69
1046	9.48875	176.895500481535	0.895500481534526	2903	1	80
832	8.31266666666667	176.895785270514	0.895785270513642	2212	1	74
609	7.65738333333333	176.895823886303	0.895823886302736	2781	1	62
843	8.37	176.895949131379	0.895949131378558	1989	1	73
571	7.29406666666667	176.896063165346	0.896063165346419	4274	1	83
586	7.53105	176.896486380588	0.896486380588073	1455	1	54
1037	9.42276666666667	176.906064669853	0.906064669852583	2661	1	77
249	1.27913333333333	177.86813786104	0.868137861040196	15751	1	94
200	1.09848333333333	177.869858245462	0.869858245461785	19380	1	93
1194	18.5655	177.893945249843	0.893945249842716	371	1	30
1133	15.2798833333333	177.900013393996	0.900013393995749	478	1	35
1084	11.12515	177.907198099986	0.907198099985834	586	1	49
1054	9.57543333333333	178.842167173587	0.842167173587114	2335	1	59
90	0.794333333333333	178.843857421541	0.843857421540548	4819	1	88
2	0.0877166666666667	178.844344296898	0.844344296898328	2879	1	57
616	7.71355	178.844431413698	0.844431413698345	48036	1	94
454	3.96546666666667	178.860119831319	0.860119831318656	116385	1	96
1098	12.0469166666667	178.8934608659	0.893460865899669	1466	1	60
610	7.66005	179.842941047156	0.842941047156131	3396	1	82
617	7.71621666666667	179.844383621139	0.844383621138803	6300	1	87
168	1.03966666666667	179.844472785323	0.844472785322949	17340	1	91
237	1.2218	179.844535975301	0.844535975300857	14665	1	90
201	1.09981666666667	179.844549552879	0.844549552879442	26064	1	91
409	3.56581666666667	179.844808540548	0.8448085405482	17103	1	92
225	1.16181666666667	179.844916857106	0.844916857105943	15644	1	88
258	1.33546666666667	179.86803695572	0.868036955720356	19270	1	94
397	3.51248333333333	180.841362162045	0.841362162044902	62724	1	95
596	7.59371666666667	180.842412108358	0.842412108358076	12236	1	91
581	7.47406666666667	180.843817992797	0.843817992796659	2966	1	78
1222	19.6039166666667	180.989876247206	0.989876247205927	1637	1	38
202	1.10115	181.841942885426	0.841942885425794	17769	1	89
169	1.041	181.842023307421	0.842023307421158	16866	1	91
238	1.22313333333333	181.842230925732	0.842230925731599	10050	1	86
439	3.70148333333333	181.842479804487	0.842479804486629	15161	1	93
624	7.7612	181.842672634082	0.842672634082135	3670	1	82
226	1.16448333333333	181.842776752378	0.842776752377574	10863	1	90
611	7.66271666666667	181.842795834078	0.842795834078174	3227	1	79
203	1.10248333333333	182.824103185843	0.824103185842773	12922	1	82
274	1.39913333333333	182.825370186653	0.825370186652776	25389	1	93
250	1.2818	182.826069282249	0.826069282248511	15466	1	89
227	1.16715	182.826135343217	0.82613534321689	13069	1	88
239	1.22446666666667	182.827353410109	0.827353410109197	12499	1	85
420	3.62048333333333	182.837923981863	0.837923981863042	16214	1	87
103	0.841	182.87739363615	0.87739363614989	52762	1	95
138	0.95965	182.878745830413	0.878745830413038	57352	1	94
120	0.902333333333333	182.878834179602	0.87883417960191	54642	1	94
85	0.779666666666667	182.880134701419	0.880134701419081	45548	1	92
228	1.16981666666667	184.822328867787	0.822328867787206	9234	1	86
259	1.3408	184.822928095067	0.822928095066715	10038	1	90
251	1.28446666666667	184.823789955819	0.823789955818768	8113	1	85
104	0.843666666666667	184.87859715614	0.878597156139705	21748	1	91
1161	16.8701	185.112344080273	0.112344080273402	848	1	42
1153	16.4411333333333	185.112385933477	0.1123859334771	836	1	47
1177	17.8458666666667	185.11456845735	0.114568457350003	745	1	49
365	2.97585	185.153409127453	0.153409127452534	3431	1	84
1148	16.1559833333333	186.10295787497	0.10295787496986	236	1	20
813	8.23535	186.103871482866	0.10387148286614	342	1	25
833	8.31666666666667	186.104089682662	0.10408968266151	349	1	34
1170	17.3835666666667	186.105267873165	0.105267873165417	256	1	19
315	1.53195	186.859039866363	0.859039866363133	6335	1	78
458	4.16628333333333	187.103108734213	0.103108734213407	412	1	17
492	5.47335	187.106124841776	0.106124841775596	279	1	15
105	0.853	188.896615909996	0.896615909996115	14484	1	95
86	0.781	188.897778478119	0.897778478118539	17171	1	92
122	0.917	188.898546352389	0.898546352388678	13161	1	94
140	0.970333333333333	188.898960019899	0.898960019898965	13859	1	94
646	7.8857	188.939285123578	0.939285123577889	3635	1	84
770	8.11918333333333	188.939806132142	0.939806132141797	2407	1	67
814	8.23668333333333	188.939833914458	0.939833914457552	3135	1	75
797	8.17668333333333	188.941168015475	0.941168015475483	4895	1	81
771	8.12051666666667	188.948521321294	0.948521321294123	2801	1	74
141	0.975666666666667	190.882991038685	0.882991038684992	13285	1	92
637	7.81903333333333	190.883741972525	0.883741972524604	6339	1	77
539	6.4698	190.884138070867	0.88413807086701	3076	1	78
56	0.717683333333333	190.884250647796	0.884250647795824	8219	1	74
316	1.53328333333333	190.884262538699	0.884262538699289	20133	1	85
284	1.4333	190.884507657014	0.884507657013842	13192	1	81
349	1.91943333333333	190.928029221861	0.928029221861181	12054	1	90
1097	12.0066	191.018333904338	0.0183339043379647	1440	1	60
390	3.30766666666667	192.909894527096	0.909894527095588	2469	1	70
1042	9.4661	192.910864191301	0.910864191300703	3612	1	65
343	1.67645	194.905324671814	0.90532467181427	6510	1	79
786	8.15135	194.905460229012	0.905460229012334	7056	1	77
809	8.21135	194.905526096997	0.905526096996994	14681	1	87
592	7.55371666666667	194.905798417855	0.905798417854953	26005	1	93
1043	9.46876666666667	194.905979582367	0.905979582366825	73649	1	94
845	8.382	194.906132513069	0.906132513068769	27488	1	93
1035	9.41193333333333	194.906364836507	0.906364836506953	54158	1	95
583	7.48871666666667	194.906437583053	0.90643758305319	10536	1	90
824	8.27268333333333	194.906568231495	0.9065682314951	22550	1	93
836	8.33133333333333	194.906671697995	0.906671697995165	25505	1	93
570	7.27306666666667	194.906889146619	0.906889146619164	32143	1	93
602	7.62705	194.907102043342	0.907102043341609	34167	1	93
1094	11.8854333333333	194.920161672237	0.920161672236702	59858	1	94
1184	18.1200166666667	195.90464970329	0.904649703290062	5027	1	84
369	3.04718333333333	195.905124947638	0.905124947637717	2644	1	76
1022	9.25276666666667	195.905726920433	0.905726920432613	4423	1	84
1044	9.47143333333333	195.906427687872	0.906427687872394	11608	1	86
1051	9.54541666666667	195.907048285348	0.907048285348452	12153	1	89
1158	16.74245	195.907545609428	0.907545609427615	2856	1	77
364	2.96101666666667	195.908336125046	0.908336125045651	2037	1	72
344	1.68045	196.841290581715	0.841290581714645	5876	1	75
333	1.58261666666667	196.841342794867	0.841342794866534	6224	1	68
44	0.688016666666667	196.86388750367	0.863887503670128	11063	1	57
24	0.632683333333333	196.864482314468	0.864482314468148	12985	1	77
491	5.4427	196.984977167248	0.984977167248218	3981	1	74
1145	16.0221666666667	196.993918628495	0.993918628494612	5171	1	75
1136	15.5165333333333	196.994323707782	0.994323707782144	6836	1	79
1224	19.6186	196.994669735054	0.99466973505352	11643	1	79
1082	10.9898333333333	196.994733336233	0.994733336233196	8803	1	83
1255	19.7160833333333	196.995022734659	0.995022734658619	13577	1	67
398	3.51916666666667	197.817235373081	0.817235373081132	4443	1	74
432	3.68231666666667	197.818021607532	0.81802160753162	4298	1	66
361	2.74221666666667	197.957341752807	0.957341752807139	1072	1	60
293	1.46528333333333	198.799179754732	0.799179754732052	4380	1	81
45	0.68935	198.861337070624	0.861337070623648	5126	1	45
25	0.636683333333333	198.861653543044	0.861653543044383	7984	1	73
1115	13.6849833333333	198.951528091632	0.95152809163244	1261	1	43
3	0.09305	199.134711630074	0.134711630074321	2092	1	33
1076	10.5295166666667	199.169824427004	0.169824427003618	831	1	30
1030	9.35126666666667	199.170118944537	0.17011894453708	662	1	30
221	1.14698333333333	199.171204076261	0.171204076261091	626	1	17
486	5.29253333333333	199.814134151947	0.814134151946661	2224	1	74
399	3.52316666666667	199.815072053238	0.815072053238424	5969	1	83
417	3.60981666666667	199.815968143366	0.815968143365723	8759	1	84
433	3.68365	199.850165232377	0.850165232377435	7785	1	74
566	7.22258333333333	199.851394487011	0.85139448701139	915	1	69
522	6.33013333333333	199.851398130702	0.851398130702222	1797	1	77
772	8.12185	204.971313429259	0.971313429258828	3082	1	78
463	4.44643333333333	213.184784593394	0.184784593394426	563	1	15
1271	19.7574166666667	213.18658588353	0.186585883529659	1465	1	25
1242	19.6694166666667	213.186681717403	0.186681717403218	965	1	12
553	6.8611	216.850386661241	0.850386661240577	4880	1	83
564	7.20258333333333	216.853100742064	0.853100742064299	5885	1	86
10	0.216866666666667	216.853817494778	0.853817494777644	7455	1	83
520	6.30813333333333	216.85411469649	0.854114696490313	7968	1	86
373	3.08835	216.854238295735	0.854238295735087	2607	1	74
403	3.54715	216.855176374087	0.855176374087392	15935	1	84
6	0.14755	216.855612143312	0.855612143312413	6655	1	80
1129	14.9897333333333	217.002063955869	0.00206395586934605	1038	1	51
421	3.62181666666667	217.003510875513	0.00351087551283058	16059	1	83
440	3.70415	217.004568763733	0.00456876373311843	11506	1	86
246	1.26446666666667	218.165772783213	0.165772783213185	169	1	7
1189	18.2545166666667	218.166456832469	0.166456832469095	172	1	6
182	1.06231666666667	219.175935026769	0.175935026768713	14986	1	68
1143	15.9095	219.191701794627	0.191701794626766	14763	1	46
1093	11.8644333333333	219.193224760037	0.193224760037054	16734	1	51
1078	10.8318333333333	219.197570373809	0.197570373808986	17676	1	45
1122	14.4179333333333	220.146385247244	0.146385247243757	3661	1	45
232	1.19515	220.179512375542	0.179512375542117	4778	1	52
1146	16.05615	220.192686014147	0.192686014146886	3028	1	40
377	3.13085	220.901685621427	0.901685621427077	1173	1	20
712	8.0127	223.020233387845	0.0202333878452805	393712	1	97
745	8.07335	223.020301506924	0.0203015069237438	224540	1	96
680	7.95336666666667	223.020700388697	0.0207003886969233	416520	1	97
648	7.8937	223.020704269831	0.0207042698313273	39413	1	94
1165	17.09225	224.080091264138	0.0800912641377636	978	1	58
355	2.2994	224.084031761617	0.0840317616172399	988	1	53
142	0.984983333333333	224.835514075635	0.835514075634649	5719	1	86
1275	19.7720833333333	225.18483167568	0.184831675680357	1657	1	16
370	3.05251666666667	226.828564154857	0.828564154856593	2691	1	82
91	0.799666666666667	226.829881327077	0.829881327077345	26329	1	94
106	0.858333333333333	226.830155441602	0.830155441601562	47951	1	95
54	0.710833333333333	226.830721299661	0.830721299661406	4665	1	46
587	7.53505	226.830820254164	0.830820254163655	5990	1	87
597	7.59771666666667	226.831076052758	0.831076052757766	8137	1	89
554	6.9306	226.842971808768	0.842971808767658	17951	1	94
1176	17.8215333333333	227.199158143391	0.199158143391287	760	1	44
1293	19.8334166666667	227.201918775085	0.201918775085147	2138	1	13
222	1.15098333333333	227.201967416789	0.201967416789415	1246	1	54
170	1.04231666666667	227.202731838428	0.202731838428122	13356	1	86
418	3.61248333333333	227.829538081052	0.829538081052306	3673	1	88
567	7.24373333333333	227.829661430646	0.829661430645956	3114	1	86
862	8.56748333333333	228.027034633585	0.0270346335852025	622	1	57
940	8.96746666666667	228.027937595262	0.0279375952617897	2086	1	69
870	8.63548333333333	228.028088739067	0.0280887390665896	797	1	59
853	8.44333333333333	228.028203021673	0.0282030216730789	458	1	49
966	9.02663333333333	228.028628575354	0.0286285753542757	2977	1	78
908	8.85363333333333	228.028799535502	0.0287995355016051	1590	1	80
1027	9.31645	228.045994902602	0.0459949026019046	2616	1	87
1247	19.6880833333333	228.203586574204	0.203586574203655	392	1	2
1304	19.8922333333333	228.206391012273	0.206391012273315	622	1	2
309	1.50528333333333	228.810486275338	0.810486275337752	6030	1	77
275	1.40313333333333	228.812530105755	0.812530105754718	2603	1	75
348	1.8851	228.813777934933	0.813777934932631	3498	1	80
327	1.56528333333333	228.813825508777	0.813825508777427	7901	1	85
395	3.47665	228.81421104655	0.814211046550184	3183	1	79
792	8.16335	228.9292552183	0.929255218300341	2555	1	63
827	8.294	228.930146329433	0.930146329432972	1454	1	40
1276	19.77475	232.925207223195	0.925207223195144	16734	1	87
1243	19.6720833333333	232.925250017452	0.925250017451987	10699	1	81
1139	15.71785	233.152391501858	0.152391501858204	7477	1	85
223	1.15498333333333	233.154155812064	0.154155812064005	2253	1	48
240	1.2258	233.154725778217	0.154725778217284	2105	1	19
1186	18.18485	233.155935866752	0.155935866752486	9968	1	88
401	3.53648333333333	234.818183598494	0.818183598494471	6921	1	80
1125	14.7479166666667	235.168064472674	0.168064472673848	3527	1	65
497	5.9085	235.169493328115	0.169493328115465	2476	1	65
579	7.4159	236.859918499885	0.859918499884998	2303	1	69
575	7.36556666666667	236.861326123401	0.861326123400545	2300	1	64
603	7.64005	236.954195198666	0.954195198665872	4662	1	68
289	1.4453	238.753120508778	0.753120508778011	22658	1	90
1244	19.67475	239.058430407517	0.0584304075166244	6873	1	72
378	3.13485	239.910326455962	0.910326455961581	3543	1	68
290	1.44796666666667	240.750758941901	0.75075894190087	18274	1	92
271	1.38563333333333	240.752623667102	0.752623667101602	6720	1	84
57	0.719016666666667	240.791291307599	0.791291307598783	11368	1	68
87	0.782333333333333	240.793656973176	0.793656973175615	4311	1	73
372	3.06718333333333	240.907645087631	0.907645087631039	2726	1	56
1302	19.8774166666667	241.217481144122	0.217481144121734	3312	1	31
1290	19.81875	241.217547498206	0.217547498205818	2913	1	15
171	1.04365	241.217769205142	0.217769205142361	1875	1	23
1266	19.74275	241.217820369551	0.217820369551362	1906	1	15
404	3.54848333333333	241.768473620921	0.768473620921128	6950	1	76
422	3.62448333333333	241.768496226387	0.768496226386844	11712	1	88
1245	19.6774166666667	242.220125814154	0.220125814153903	583	1	7
1303	19.88275	242.220657578897	0.220657578897431	807	1	6
1267	19.7440833333333	242.221876671672	0.221876671672049	734	1	9
547	6.65061666666667	242.787124643343	0.787124643343162	2177	1	74
310	1.50661666666667	242.787428169706	0.787428169705549	11140	1	86
339	1.63311666666667	242.789066499642	0.789066499642104	7232	1	88
328	1.56795	242.789228863095	0.789228863094536	8349	1	87
88	0.783666666666667	242.790015153426	0.7900151534256	4081	1	76
58	0.72035	242.790212734525	0.790212734524943	9512	1	81
405	3.54981666666667	243.76576944589	0.765769445890157	11386	1	84
396	3.49781666666667	243.765794962374	0.765794962374429	3107	1	81
443	3.71881666666667	243.766063654572	0.766063654571951	22083	1	93
347	1.84443333333333	244.787634078259	0.787634078258861	1758	1	72
423	3.62715	245.763386151839	0.763386151838546	12084	1	88
649	7.89503333333333	246.981057835433	0.981057835433091	10829	1	89
761	8.10301666666667	246.981446381863	0.981446381863208	15413	1	90
363	2.81053333333333	250.143877647987	0.143877647986812	1066	1	22
1155	16.4833	253.216045115274	0.216045115274284	958	1	45
1059	9.71358333333333	253.217781381464	0.217781381463539	976	1	38
1297	19.8600833333333	253.217816833313	0.217816833312725	2864	1	14
1263	19.7334166666667	253.21820943874	0.218209438739535	2264	1	12
1238	19.6587666666667	253.21853099329	0.218530993289903	1661	1	2
172	1.04498333333333	253.218535168782	0.218535168782353	1468	1	4
861	8.55266666666667	254.005733641246	0.00573364124639397	835	1	63
871	8.64081666666667	254.007083561368	0.00708356136772181	1361	1	73
937	8.95396666666667	254.007165698148	0.00716569814753143	2069	1	72
893	8.80696666666667	254.007530039834	0.00753003983362532	1388	1	67
881	8.70048333333333	254.007782241608	0.0077822416084814	1467	1	64
921	8.8978	254.008513887521	0.00851388752082016	1955	1	79
479	4.76673333333333	254.217878288591	0.217878288591095	376	1	34
1211	19.5746	254.217904934494	0.217904934494044	640	1	21
1067	9.76608333333333	254.899399887679	0.899399887678754	6929	1	65
173	1.04631666666667	255.233008836894	0.233008836893902	9204	1	0
1264	19.7360833333333	255.233331033309	0.233331033308559	9159	1	30
1310	19.9419	255.233553177064	0.233553177063527	16067	1	41
462	4.43176666666667	255.244922390314	0.244922390313945	4373	1	13
1172	17.5414	256.234371060759	0.234371060759031	623	1	24
351	2.20523333333333	256.234596281016	0.234596281015854	481	1	11
1086	11.1769833333333	256.23461499565	0.234614995649679	622	1	18
1281	19.7920833333333	256.236134855065	0.236134855065416	3371	1	30
560	7.07825	256.236222680926	0.236222680925835	994	1	53
174	1.04765	256.236577260265	0.236577260265449	1579	1	0
1298	19.8614	256.962306600558	0.962306600557554	5479	1	46
1118	13.8768	258.919139997704	0.919139997703894	1967	1	51
1188	18.23985	258.921266846051	0.921266846051424	2512	1	58
434	3.68498333333333	262.773347333714	0.77334733371373	4712	1	63
406	3.55115	262.775052118103	0.775052118102508	3210	1	55
656	7.90853333333333	263.012386665484	0.0123866654842004	48803	1	94
736	8.05718333333333	263.012478939982	0.0124789399822021	65502	1	94
688	7.9682	263.012757844744	0.0127578447444421	63665	1	94
471	4.56458333333333	264.771901007561	0.771901007560814	2502	1	67
424	3.62981666666667	264.773114703065	0.773114703064834	5226	1	69
392	3.357	264.911550322055	0.911550322054723	1932	1	54
1239	19.6601	265.146697870814	0.146697870814251	4148	1	67
46	0.690683333333333	265.148352789894	0.14835278989392	18197	1	85
304	1.49461666666667	265.148418038166	0.14841803816563	1935	1	67
1268	19.7454166666667	265.148440205225	0.148440205224574	4827	1	66
160	1.02498333333333	267.233452862798	0.233452862798401	1021	1	15
161	1.02631666666667	269.248403641164	0.248403641163634	2558	1	6
1256	19.7174166666667	269.24882557225	0.248825572250098	1693	1	2
1295	19.8534	269.249091633314	0.249091633314492	3723	1	14
798	8.17801666666667	270.941516146105	0.941516146105187	6052	1	76
773	8.12318333333333	270.94260949978	0.942609499779735	5757	1	79
638	7.82036666666667	272.820255634455	0.820255634455179	12210	1	80
1159	16.78295	272.87883052027	0.878830520270242	2904	1	70
1174	17.73105	272.879638686224	0.879638686224325	2455	1	66
821	8.258	272.880674600408	0.880674600408213	4794	1	78
1183	18.0475333333333	272.882254430304	0.882254430303703	4265	1	79
572	7.30873333333333	272.883143980017	0.883143980016541	3756	1	78
1141	15.7996833333333	272.883200406489	0.883200406489209	3947	1	78
1038	9.42676666666667	272.8833364852	0.88333648519955	8683	1	87
613	7.69838333333333	272.883970372543	0.883970372542933	5826	1	84
1052	9.55075	272.883974895875	0.883974895874644	10527	1	88
599	7.61238333333333	272.884334407537	0.88433440753721	4522	1	79
846	8.386	272.885469519286	0.885469519286346	5375	1	81
532	6.37463333333333	274.815159217828	0.815159217828239	25927	1	92
517	6.2733	274.81519105835	0.815191058349797	8261	1	88
263	1.35013333333333	274.822090300266	0.82209030026587	10059	1	84
639	7.82303333333333	275.814888664933	0.814888664932653	14573	1	90
540	6.48446666666667	275.816455263738	0.816455263737907	5510	1	89
625	7.76386666666667	275.816720811208	0.816720811208427	11558	1	89
317	1.53461666666667	276.796469844491	0.79646984449073	5794	1	71
558	7.06358333333333	276.815452800331	0.815452800331343	3826	1	77
640	7.8257	276.815644088299	0.815644088298995	5641	1	76
264	1.35146666666667	276.820410720832	0.820410720832001	9921	1	82
143	0.990316666666667	276.952853568513	0.952853568513092	7388	1	89
456	4.0013	278.767424418908	0.767424418908377	4213	1	80
1248	19.6920833333333	279.232083989212	0.232083989212413	1563	1	19
1284	19.8014166666667	279.233024174388	0.233024174387538	1609	1	16
15	0.601683333333333	279.918599662202	0.918599662201757	7479	1	79
374	3.10301666666667	280.712111150646	0.712111150645796	2703	1	57
452	3.87796666666667	280.764108409421	0.764108409420714	6395	1	81
1095	11.9451	281.245901428406	0.245901428406341	635	1	5
362	2.79586666666667	281.246389727516	0.246389727515862	982	1	25
1195	18.6633166666667	281.248305981907	0.24830598190681	662	1	11
1306	19.9070666666667	281.249313752243	0.249313752242642	7066	1	12
272	1.3883	281.250421713715	0.250421713714843	1297	1	38
1045	9.4741	281.251682382526	0.251682382526042	433	1	0
400	3.52715	282.711963311968	0.711963311968475	6340	1	72
1164	17.0294333333333	283.261667807634	0.261667807633501	901	1	9
1251	19.70675	283.264158495803	0.264158495803429	5518	1	10
1307	19.9124	283.264742953929	0.264742953929158	10634	1	13
1272	19.7614166666667	283.265298259889	0.265298259889335	6661	1	7
549	6.71211666666667	283.2753979383	0.275397938299989	1477	1	3
460	4.3766	283.282594266296	0.282594266295632	2934	1	15
9	0.195366666666667	283.284316306844	0.28431630684355	12481	1	17
155	1.01431666666667	284.266970864018	0.266970864017765	3221	1	46
1075	10.4697	284.268312328782	0.268312328782315	1005	1	51
1200	19.1371166666667	284.268380512128	0.268380512128431	601	1	9
1291	19.8214166666667	284.269390452217	0.269390452216783	2084	1	4
444	3.72413333333333	284.740107377842	0.740107377842037	7830	1	86
204	1.10381666666667	286.73906686461	0.739066864610265	12341	1	82
523	6.3368	286.739294020368	0.739294020368106	12027	1	92
66	0.7365	286.739324260307	0.739324260306944	10185	1	79
425	3.63648333333333	286.739458783736	0.739458783736325	11923	1	87
285	1.43463333333333	286.739552395115	0.739552395115311	42821	1	94
407	3.55381666666667	286.739554177327	0.739554177326909	12293	1	88
618	7.73188333333333	286.74006652319	0.740066523189626	5674	1	87
233	1.19913333333333	286.740549636127	0.740549636127184	8890	1	87
762	8.10435	286.973587319342	0.973587319341846	4706	1	75
286	1.43595	288.737844948883	0.737844948883321	23337	1	92
524	6.3408	288.739306788644	0.739306788644456	6636	1	88
175	1.04898333333333	288.739725959638	0.739725959638406	27190	1	93
426	3.63915	289.752578501223	0.752578501222558	6331	1	83
441	3.70681666666667	289.753495701507	0.753495701507291	7160	1	84
220	1.13715	290.820174170719	0.820174170718531	6159	1	82
241	1.22846666666667	290.822592885257	0.822592885256825	4700	1	83
737	8.05851666666667	291.007442795604	0.00744279560399264	31074	1	92
657	7.90986666666667	291.007748402015	0.00774840201455618	26424	1	91
411	3.57781666666667	291.751502074013	0.75150207401316	4812	1	81
1111	13.27235	293.174682611465	0.174682611464561	2861	1	64
1229	19.63325	293.176265689885	0.176265689884872	4336	1	63
162	1.02765	293.176351526802	0.176351526802421	20355	1	81
1273	19.7654166666667	293.178851905442	0.178851905441718	7675	1	76
569	7.2584	294.830092244032	0.830092244031846	6953	1	84
802	8.19401666666667	294.905473257025	0.905473257025108	4338	1	83
1142	15.805	294.991733452541	0.991733452540984	1946	1	49
1179	17.8765333333333	294.994267097421	0.994267097421357	1534	1	42
1206	19.5306	296.97513871059	0.975138710589874	3024	1	63
1299	19.8627333333333	297.279704877854	0.279704877854272	3487	1	23
28	0.657016666666667	300.762621445449	0.762621445449213	8648	1	55
29	0.65835	300.788540421576	0.788540421575647	8715	1	60
59	0.721683333333333	302.760007633555	0.760007633555404	13142	1	59
30	0.659683333333333	302.76035470445	0.760354704450151	23666	1	72
31	0.661016666666667	302.786623914503	0.786623914502627	22141	1	72
470	4.53075	304.249120809978	0.249120809978024	8984	1	91
464	4.46425	304.692529358015	0.692529358015065	3242	1	72
429	3.65381666666667	304.694101061089	0.694101061089498	3671	1	77
60	0.723016666666667	304.75788651555	0.757886515549785	12428	1	56
32	0.66235	304.758299687642	0.758299687641795	23685	1	67
33	0.663683333333333	304.783405756414	0.783405756413629	24598	1	68
713	8.01403333333333	305.023140023873	0.0231400238727701	835121	1	97
650	7.89636666666667	305.023501324576	0.0235013245761024	51594	1	94
746	8.07468333333333	305.023691058029	0.023691058029442	342249	1	96
681	7.9547	305.023944371772	0.0239443717720746	911904	1	97
16	0.607016666666667	305.082893181739	0.082893181738882	5682	1	52
714	8.01535	306.026379760656	0.0263797606563116	71237	1	94
682	7.95603333333333	306.027060395138	0.027060395138335	75379	1	94
430	3.65915	306.689552985076	0.689552985075522	8226	1	88
402	3.54181666666667	306.689912647311	0.689912647311132	3683	1	76
445	3.73081666666667	306.690165273115	0.690165273115383	8035	1	86
415	3.60048333333333	306.69054771559	0.690547715590185	6691	1	84
1300	19.8654	307.263575331338	0.263575331337961	1145	1	6
446	3.73481666666667	308.686788156787	0.68678815678669	8442	1	85
318	1.53595	309.171907017639	0.171907017638773	1187	1	23
47	0.692016666666667	309.174268577469	0.17426857746932	7995	1	55
1282	19.79475	309.280787978185	0.280787978184605	3671	1	41
466	4.47491666666667	310.684229459514	0.684229459514199	3310	1	69
447	3.73881666666667	310.684466434604	0.684466434604246	4009	1	74
803	8.19935	310.932733852992	0.932733852991646	3928	1	79
778	8.13401666666667	310.934127840965	0.934127840965289	4771	1	66
1257	19.71875	311.169637942653	0.169637942652571	4640	1	40
1308	19.9219	311.295969189457	0.295969189456855	5216	1	55
941	8.9688	312.059326825434	0.0593268254336294	1217	1	15
1074	9.81456666666667	312.059805761973	0.0598057619725978	2026	1	60
1017	9.21195	312.060423803378	0.0604238033783417	1226	1	36
980	9.05761666666667	312.061892829884	0.0618928298837886	1153	1	16
883	8.72698333333333	313.044264576693	0.044264576693422	1595	1	45
866	8.60615	313.044613741584	0.0446137415841008	1132	1	38
874	8.67331666666667	313.044826003984	0.0448260039838715	1523	1	42
913	8.87896666666667	313.045073088148	0.0450730881482855	2243	1	32
858	8.50548333333333	313.045294888094	0.0452948880935651	1054	1	31
897	8.8203	313.045452798337	0.045452798336612	1900	1	29
1091	11.8094333333333	314.932491270626	0.932491270625803	2142	1	49
634	7.8057	316.730621973107	0.73062197310685	7819	1	87
521	6.31213333333333	316.731798803047	0.731798803046615	4079	1	73
635	7.8097	318.729507539373	0.729507539373458	15201	1	92
526	6.35463333333333	318.730066430146	0.730066430145655	9887	1	88
620	7.74388333333333	318.731000680475	0.731000680475404	11808	1	91
537	6.43413333333333	320.726877843761	0.726877843761486	9660	1	91
621	7.74788333333333	320.727701911938	0.727701911938084	6868	1	87
636	7.8137	320.72905155793	0.729051557930461	8793	1	88
1031	9.3826	325.005667203972	0.00566720397193876	1593	1	52
1292	19.8240833333333	325.182903008084	0.182903008083599	4458	1	42
67	0.737833333333333	325.182936296549	0.182936296548689	11020	1	53
1269	19.7480833333333	325.184150518617	0.184150518616832	3839	1	44
13	0.44285	325.200931083063	0.200931083062869	4491	1	50
1240	19.66275	325.310217060418	0.310217060418097	2650	1	39
435	3.68631666666667	325.695773179495	0.695773179495404	1504	1	33
38	0.67585	326.832805668776	0.832805668775734	3255	1	36
651	7.8977	328.985140717768	0.985140717767649	15903	1	89
729	8.04368333333333	328.985908554381	0.985908554380728	23132	1	90
1147	16.1413166666667	330.922806838025	0.922806838024997	1746	1	34
1168	17.2965833333333	330.923042801708	0.923042801707936	1891	1	36
1151	16.3796333333333	331.069009384521	0.0690093845205979	1822	1	34
319	1.53861666666667	332.725997938657	0.725997938657088	2499	1	73
71	0.75	332.72729843816	0.727298438159892	5556	1	75
72	0.752666666666667	334.72629019273	0.726290192729948	6841	1	72
577	7.39273333333333	334.839755765394	0.839755765393875	1225	1	50
34	0.66635	335.191011893747	0.191011893747202	3268	1	49
1079	10.8561666666667	336.896166494286	0.896166494285524	1594	1	47
938	8.95796666666667	339.000306174478	0.000306174477827881	28868	1	86
779	8.13535	339.022236235688	0.0222362356879557	5385	1	55
840	8.35533333333333	339.023163717898	0.0231637178980009	5150	1	65
481	4.8024	339.023235012365	0.0232350123645233	16219	1	83
472	4.58025	339.023303130024	0.0233031300238622	3613	1	57
477	4.72773333333333	339.024045321362	0.0240453213621663	13884	1	82
474	4.67408333333333	339.02478959114	0.0247895911402338	8235	1	77
810	8.21401666666667	339.025627744825	0.0256277448254423	4001	1	60
312	1.52395	339.193842393896	0.193842393896205	1403	1	38
61	0.725683333333333	339.200595148003	0.200595148003174	10698	1	55
1277	19.7774166666667	339.326110353154	0.326110353153979	4461	1	42
488	5.34753333333333	340.024396419549	0.0243964195491913	981	1	37
588	7.53905	340.025334310103	0.0253343101026076	2754	1	63
855	8.46966666666667	340.026249104669	0.0262491046689206	923	1	37
851	8.41933333333333	340.026524870982	0.0265248709818593	892	1	47
841	8.358	340.027268605616	0.0272686056163138	743	1	34
89	0.785	341.179537957585	0.179537957585353	1334	1	27
436	3.68765	341.694465714729	0.694465714729006	9579	1	74
485	5.17838333333333	341.694517412313	0.694517412313132	1820	1	67
408	3.55648333333333	343.690729267993	0.690729267993277	11881	1	85
448	3.74813333333333	343.691130419776	0.691130419776471	18116	1	89
419	3.61515	343.69240072138	0.692400721379727	17760	1	87
494	5.74285	344.6732507324	0.673250732400049	1221	1	54
437	3.68898333333333	344.690916767302	0.690916767301871	5475	1	57
39	0.677183333333333	344.739907336467	0.739907336467468	12538	1	76
19	0.615183333333333	344.740411951509	0.740411951509145	9980	1	77
652	7.89903333333333	345.014871993855	0.0148719938550812	34667	1	92
715	8.01668333333333	345.015397833775	0.0153978337745571	127336	1	95
747	8.07601666666667	345.015643018649	0.0156430186488024	99136	1	94
683	7.95736666666667	345.016551679239	0.016551679238944	125871	1	95
40	0.678516666666667	346.737763300147	0.73776330014681	31182	1	84
20	0.616516666666667	346.738483648333	0.738483648332704	29084	1	85
68	0.739166666666667	346.738738523404	0.738738523403811	11876	1	71
69	0.7405	348.73591625492	0.735916254920085	14436	1	75
41	0.67985	348.736174366316	0.73617436631622	33644	1	83
21	0.619183333333333	348.736284675062	0.736284675062052	34042	1	89
42	0.681166666666667	350.733790855702	0.733790855701557	21785	1	79
22	0.62185	350.735466567851	0.735466567851404	22942	1	86
631	7.7937	350.78419770413	0.784197704130122	7312	1	85
867	8.61148333333333	350.858681143012	0.858681143012291	1532	1	62
632	7.79636666666667	352.792642362115	0.792642362115259	5637	1	75
787	8.15268333333333	352.945263216529	0.945263216528929	7850	1	82
1294	19.8387333333333	353.202104206314	0.202104206313948	3577	1	46
467	4.47891666666667	354.674186479855	0.67418647985528	2901	1	65
1029	9.3366	355.948111384604	0.948111384603521	115868	1	94
864	8.59148333333333	356.050043656076	0.0500436560761841	2039	1	64
1018	9.21461666666667	356.05035304526	0.0503530452602376	106068	1	92
914	8.8803	356.050538556805	0.0505385568054635	15019	1	79
955	8.99713333333333	356.050891270067	0.0508912700666428	48798	1	88
898	8.82163333333333	356.051609432498	0.0516094324976279	9640	1	74
865	8.59681666666667	357.033944831328	0.033944831328256	106374	1	94
882	8.70581666666667	357.034188045113	0.0341880451126144	176184	1	94
799	8.17935	357.034499606774	0.0344996067741477	14541	1	79
774	8.12451666666667	357.034830345312	0.0348303453122298	9352	1	73
915	8.88163333333333	357.035442557848	0.0354425578483415	399731	1	94
899	8.82296666666667	357.035518075037	0.0355180750368049	369304	1	94
847	8.39	357.035780961429	0.0357809614294524	28290	1	90
956	8.99846666666667	357.035814821799	0.0358148217991925	492461	1	94
1077	10.7305166666667	357.060989988715	0.0609899887154484	10787	1	83
887	8.75098333333333	357.063829133293	0.0638291332934386	204648	1	94
997	9.11661666666667	357.065147626671	0.0651476266714326	588938	1	95
815	8.23801666666667	358.037309523126	0.0373095231256002	2245	1	51
873	8.65548333333333	358.037441251758	0.0374412517579685	16972	1	86
860	8.53798333333333	358.037503991913	0.0375039919132973	9442	1	83
932	8.93796666666667	358.03811565891	0.0381156589103284	43847	1	85
900	8.8243	358.038199273544	0.0381992735440235	37734	1	84
247	1.26846666666667	358.85797096413	0.857970964130402	1246	1	66
1191	18.3256666666667	360.934954953223	0.934954953223212	783	1	13
139	0.960983333333333	365.015875365225	0.0158753652249288	6458	1	84
1285	19.8040833333333	367.357622981184	0.357622981184363	2897	1	15
1270	19.75075	367.358803579045	0.358803579045059	2535	1	14
1233	19.6479166666667	367.359193948358	0.359193948358097	1533	1	3
1312	19.9599	369.300060889085	0.300060889084932	1552	1	32
854	8.44866666666667	371.049674143547	0.0496741435467243	17228	1	83
816	8.23935	371.049896662207	0.0498966622070611	2483	1	39
633	7.79903333333333	372.767871401774	0.767871401773846	5257	1	79
658	7.9112	373.01087351847	0.0108735184704756	64598	1	93
689	7.96953333333333	373.01102239698	0.0110223969797403	84135	1	94
730	8.04501666666667	373.011095431217	0.0110954312173703	79579	1	94
265	1.3528	373.774751051336	0.774751051335613	5583	1	69
379	3.13885	374.865619445895	0.865619445895106	1603	1	61
244	1.24315	374.867720406382	0.867720406381522	2819	1	75
255	1.30496666666667	374.868321029357	0.868321029356821	5785	1	84
266	1.35413333333333	376.866520936731	0.866520936730581	7184	1	75
385	3.20083333333333	376.866575556469	0.866575556469058	2696	1	64
574	7.34123333333333	376.979338606486	0.979338606486351	3102	1	53
578	7.39806666666667	376.98001695521	0.980016955210147	3117	1	56
947	8.9823	378.031329433798	0.0313294337981915	1901	1	18
987	9.08713333333333	378.032411803924	0.0324118039239352	2471	1	39
248	1.27246666666667	378.904604261801	0.904604261801012	4041	1	78
647	7.88836666666667	379.014506535909	0.0145065359090495	5192	1	59
788	8.15401666666667	379.015908880061	0.0159088800609766	7477	1	51
506	6.07298333333333	380.710846358861	0.710846358861431	3968	1	85
612	7.68371666666667	380.71129052966	0.711290529659891	2226	1	75
92	0.814333333333333	380.711477099047	0.711477099047045	29715	1	95
311	1.50928333333333	380.712211526462	0.712211526461545	11836	1	89
73	0.755333333333333	380.713317275904	0.713317275904274	42212	1	92
627	7.77905	380.713837564524	0.713837564524169	4256	1	84
427	3.64181666666667	380.713970298271	0.713970298270851	12477	1	85
291	1.45063333333333	380.714117308119	0.71411730811883	7523	1	85
108	0.873	380.714366055061	0.714366055060793	54101	1	96
410	3.57115	380.715465312995	0.715465312995377	11293	1	87
156	1.01565	380.744658257733	0.744658257733079	67500	1	95
48	0.693333333333333	381.23238665319	0.232386653190133	6470	1	38
1301	19.8680666666667	381.373778283876	0.37377828387622	3051	1	16
716	8.01801666666667	387.026160915862	0.0261609158623628	1394029	1	97
748	8.07735	387.026349996712	0.0263499967115877	482675	1	96
653	7.90036666666667	387.026803936019	0.0268039360189505	86708	1	94
684	7.9587	387.027452835872	0.0274528358719976	1660704	1	97
749	8.07868333333333	388.029733817232	0.0297338172323407	46644	1	91
717	8.01935	388.029848168961	0.029848168960882	135383	1	94
685	7.96003333333333	388.031014624272	0.0310146242719043	160362	1	95
780	8.13801666666667	392.937977018667	0.9379770186668	3922	1	65
848	8.39666666666667	393.031070251281	0.0310702512807097	1984	1	30
1258	19.7214166666667	395.387693807055	0.387693807054688	2117	1	5
1286	19.80675	395.389783373854	0.389783373853561	2562	1	4
1309	19.9272333333333	397.329776216377	0.329776216376899	2858	1	36
901	8.82563333333333	398.990253586572	0.990253586572237	3568	1	46
933	8.9393	398.990666070844	0.990666070843758	2412	1	35
859	8.52331666666667	399.044293085321	0.0442930853209305	3562	1	72
849	8.40066666666667	400.938462133121	0.938462133121391	10923	1	82
800	8.18201666666667	402.936553802421	0.936553802421429	4137	1	68
453	3.89913333333333	402.936688840418	0.936688840417958	6856	1	79
449	3.75346666666667	402.937395143536	0.93739514353615	2396	1	56
828	8.29666666666667	402.937829492035	0.937829492035348	8771	1	80
850	8.40466666666667	402.937905929475	0.937905929475335	9815	1	83
957	8.9998	402.938003358474	0.938003358473907	3918	1	56
817	8.24068333333333	402.938090525843	0.938090525842824	6869	1	71
451	3.8408	402.938876488448	0.93887648844759	3398	1	69
455	3.98661666666667	403.93980397558	0.939803975580276	4377	1	74
438	3.69165	404.615917355512	0.615917355512408	7068	1	79
412	3.58048333333333	404.618826164716	0.618826164716438	5640	1	72
413	3.58315	406.613961439642	0.613961439641685	14329	1	84
49	0.694666666666667	406.759198230999	0.759198230998777	6521	1	60
473	4.58558333333333	408.611591563119	0.611591563119134	4798	1	80
414	3.58581666666667	408.61316800569	0.613168005689602	12315	1	84
50	0.696	409.225457775171	0.225457775171208	6333	1	45
442	3.70946666666667	409.610029837472	0.610029837471643	3989	1	67
428	3.64448333333333	410.611507143156	0.611507143155734	6031	1	76
718	8.02068333333333	410.986699067604	0.986699067603752	151962	1	95
750	8.08001666666667	410.987296054225	0.987296054224544	115615	1	94
686	7.96136666666667	410.987746686364	0.987746686364005	141410	1	95
654	7.9017	410.987782072147	0.987782072146501	56817	1	93
1305	19.8975666666667	411.345400435001	0.345400435000784	1546	1	23
818	8.24333333333333	418.949094473525	0.949094473525292	10825	1	75
801	8.18468333333333	418.950359459095	0.950359459095353	7606	1	71
852	8.434	418.950956211182	0.950956211181904	46643	1	90
775	8.12585	420.942245803156	0.942245803156254	8778	1	54
829	8.29933333333333	420.947613097327	0.947613097327405	24532	1	80
988	9.09111666666667	420.948520366293	0.948520366292826	20414	1	82
856	8.49081666666667	421.946300726324	0.946300726324068	4684	1	69
842	8.36066666666667	421.948284340624	0.948284340623502	5160	1	60
752	8.08685	427.01829119061	0.0182911906096592	43711	1	91
720	8.02753333333333	427.018756315932	0.0187563159319097	80095	1	93
659	7.91253333333333	427.019309198957	0.0193091989569893	54290	1	92
1002	9.13945	434.024863363598	0.0248633635976034	2301	1	57
541	6.49113333333333	434.915831322412	0.91583132241243	1741	1	41
763	8.10568333333333	434.947784574425	0.947784574424816	9052	1	82
868	8.62081666666667	435.009541758248	0.00954175824824688	3453	1	66
875	8.67865	435.00996521124	0.00996521123960292	6343	1	59
885	8.73765	435.012922821515	0.0129228215146782	8436	1	76
910	8.86563333333333	436.015561900946	0.015561900946409	5036	1	56
894	8.80963333333333	436.01637200811	0.0163720081101246	3536	1	55
542	6.49511666666667	436.938898731121	0.938898731120673	5935	1	54
972	9.04278333333333	436.990836378626	0.990836378625659	23213	1	77
543	6.49911666666667	438.947963066206	0.947963066206057	29003	1	76
642	7.8527	438.948066062109	0.948066062108808	6132	1	61
619	7.7372	438.948489159563	0.948489159562996	6209	1	59
476	4.70341666666667	438.949698944433	0.949698944433123	2782	1	48
527	6.3573	438.950309222916	0.950309222916474	13896	1	64
480	4.7814	438.953834891337	0.953834891336953	3860	1	53
528	6.35996666666667	438.965766759229	0.965766759229155	13147	1	63
948	8.98363333333333	438.971565633491	0.971565633490968	20405	1	51
529	6.36263333333333	439.948707245345	0.948707245345361	3577	1	48
535	6.41946666666667	439.950922912921	0.95092291292093	4851	1	60
926	8.92313333333333	439.952122808867	0.952122808866875	4380	1	31
830	8.302	440.93077507165	0.930775071649691	5512	1	51
789	8.15535	442.92908556554	0.92908556554022	5540	1	36
844	8.37533333333333	442.929403038545	0.929403038545274	7766	1	67
949	8.98496666666667	445.04644719343	0.0464471934303674	9163	1	68
533	6.3773	446.571675040111	0.57167504011079	2962	1	67
981	9.05895	452.986743120436	0.986743120436415	8901	1	59
982	9.06028333333333	454.017949147704	0.0179491477038596	13667	1	71
1015	9.19328333333333	454.940852699879	0.940852699878747	53490	1	85
1053	9.56875	454.963761831122	0.963761831121701	8204	1	62
934	8.94196666666667	454.964139352445	0.964139352444533	19103	1	66
902	8.82696666666667	454.96522658238	0.965226582380467	6862	1	42
983	9.06295	455.001834391015	0.00183439101476779	329405	1	93
738	8.05985	455.013766121226	0.0137661212255011	90411	1	93
672	7.93836666666667	455.014405815615	0.014405815614964	97001	1	93
916	8.88296666666667	455.974095119444	0.974095119443916	7181	1	48
1032	9.39193333333333	455.975377621739	0.97537762173863	35374	1	83
1023	9.26761666666667	455.975628535087	0.975628535086912	27814	1	81
958	9.00113333333333	455.978586069373	0.978586069373023	19929	1	59
984	9.06561666666667	456.005380685218	0.00538068521791502	44640	1	82
876	8.67998333333333	456.957616351261	0.957616351261152	7945	1	51
886	8.74163333333333	456.958447273522	0.958447273521813	8675	1	66
562	7.17208333333333	456.959017086227	0.959017086227391	4528	1	63
1068	9.76741666666667	456.960186313207	0.960186313207487	78508	1	78
917	8.8843	456.96053357762	0.960533577620083	168372	1	85
622	7.75188333333333	456.960740971781	0.960740971781377	4084	1	60
1069	9.77006666666667	457.961972359981	0.961972359981075	15805	1	66
935	8.94463333333333	457.962082645067	0.962082645067255	52274	1	78
918	8.88563333333333	457.962621153589	0.962621153589453	35952	1	68
793	8.16468333333333	458.908824306197	0.908824306196891	3817	1	60
1060	9.71758333333333	458.962169919728	0.962169919728126	4251	1	46
919	8.88696666666667	458.962650011875	0.962650011874985	12358	1	52
936	8.9473	458.98808778437	0.988087784369952	19005	1	65
904	8.83631666666667	466.935920475861	0.935920475860769	2900	1	51
660	7.91386666666667	469.029667835426	0.0296678354259257	414756	1	96
721	8.02886666666667	469.029817163568	0.0298171635681683	1154028	1	97
753	8.08818333333333	469.03000037801	0.0300003780097882	197459	1	95
690	7.97086666666667	469.030489854117	0.0304898541168086	1687535	1	97
722	8.0302	470.033862829142	0.0338628291422651	139491	1	94
691	7.9722	470.034374312193	0.0343743121927105	212802	1	95
942	8.97013333333333	470.971121044584	0.971121044583583	1761	1	28
967	9.02796666666667	470.994793079269	0.994793079269414	4749	1	44
943	8.97146666666667	472.950845730799	0.950845730798846	3960	1	31
1064	9.74625	472.953234284272	0.953234284272469	2789	1	35
1003	9.14628333333333	472.953578576376	0.953578576375776	5366	1	49
252	1.28713333333333	480.842484357049	0.842484357048988	2294	1	58
719	8.02201666666667	492.990753852445	0.990753852444641	201849	1	94
655	7.90303333333333	492.990942837281	0.990942837280613	59844	1	91
751	8.08135	492.990949609249	0.990949609249412	103099	1	93
687	7.9627	492.991375875294	0.991375875294239	171505	1	94
565	7.20791666666667	496.857158653396	0.857158653396198	2940	1	51
877	8.68131666666667	496.924955910647	0.92495591064727	3766	1	30
1008	9.16095	497.019685434978	0.0196854349778732	5693	1	45
1019	9.21728333333333	497.022341461078	0.0223414610776445	8090	1	64
561	7.12191666666667	498.855902399315	0.855902399315312	2916	1	57
604	7.64405	498.85994219886	0.859942198860153	7813	1	74
973	9.04411666666667	498.907025541761	0.907025541761072	10551	1	60
878	8.68265	498.921906952032	0.921906952032316	4938	1	29
593	7.56838333333333	500.855727074806	0.855727074806396	3671	1	69
605	7.64805	500.857449573822	0.857449573822464	4015	1	66
974	9.04545	500.903423336491	0.903423336491073	12601	1	64
457	4.03211666666667	502.855978980009	0.855978980008672	5425	1	57
989	9.09511666666667	506.962097891992	0.9620978919923	2787	1	56
626	7.76653333333333	508.67225511849	0.672255118489545	24012	1	94
641	7.82836666666667	508.672936312913	0.672936312913293	35317	1	95
544	6.53295	508.673175885087	0.673175885087346	4826	1	89
538	6.45513333333333	508.67385836441	0.673858364409966	4520	1	88
557	7.02958333333333	508.675515565317	0.675515565316857	12797	1	93
754	8.08951666666667	509.02175631472	0.0217563147200508	29547	1	86
723	8.03153333333333	509.022271977536	0.0222719775356381	74224	1	92
673	7.9397	509.022972367201	0.0229723672006799	72689	1	92
1278	19.7800833333333	509.362805153143	0.362805153142631	2236	1	7
1024	9.2771	512.989364903399	0.989364903398837	7969	1	72
891	8.78563333333333	512.990049218674	0.990049218673562	4305	1	62
1070	9.77273333333333	513.017069519703	0.0170695197032273	9584	1	65
1061	9.72158333333333	513.017304763477	0.0173047634774548	8848	1	69
968	9.03063333333333	513.01886927091	0.0188692709101588	5428	1	59
998	9.11928333333333	513.01952703108	0.0195270310797468	6940	1	66
628	7.78438333333333	514.918619751189	0.918619751188658	2995	1	60
525	6.3448	514.920745083145	0.920745083145334	3038	1	66
1004	9.14895	518.875668895522	0.875668895521585	27126	1	72
905	8.83896666666667	518.879227400462	0.879227400461559	6709	1	58
963	9.01313333333333	518.895833142035	0.895833142034917	10042	1	61
986	9.08045	518.916809893712	0.916809893711502	29410	1	79
1021	9.23478333333333	519.872674738557	0.87267473855718	3372	1	48
1005	9.15161666666667	520.873985691541	0.873985691541066	21106	1	68
922	8.90313333333333	520.874781672455	0.874781672454674	12326	1	69
212	1.11848333333333	531.256349572599	0.256349572599447	1077	1	33
975	9.04678333333333	532.980559622923	0.980559622922669	20947	1	68
755	8.09085	532.98508301464	0.985083014640395	18383	1	81
213	1.11981666666667	533.253028759696	0.253028759696463	1258	1	29
1033	9.39726666666667	533.952126655572	0.952126655572215	5220	1	47
1020	9.21995	533.952430430522	0.952430430521531	4160	1	24
909	8.85896666666667	534.937189298367	0.937189298367116	16338	1	58
1062	9.73425	534.939383394089	0.939383394089418	9356	1	50
923	8.9098	535.938728856524	0.938728856524108	6930	1	30
518	6.29115	536.902370445952	0.902370445951647	2785	1	61
534	6.4048	536.903655705935	0.903655705934966	4449	1	70
976	9.04811666666667	536.936986689445	0.936986689445348	4112	1	9
950	8.9863	536.941104981024	0.941104981023727	4376	1	10
665	7.92486666666667	537.01723780105	0.0172378010496459	108320	1	93
739	8.06118333333333	537.017296512337	0.0172965123367703	98223	1	92
704	7.99786666666667	537.018696976202	0.0186969762017952	117806	1	93
781	8.14068333333333	540.916482220507	0.916482220506737	4308	1	54
469	4.51608333333333	545.910851367408	0.910851367408441	14730	1	92
661	7.9152	551.033253022247	0.0332530222474361	357548	1	96
724	8.03286666666667	551.033588860292	0.0335888602916157	970534	1	96
756	8.09218333333333	551.033659734476	0.033659734475691	99203	1	92
692	7.97353333333333	551.034340742129	0.0343407421287338	1710831	1	97
693	7.97486666666667	552.036553703058	0.0365537030584164	237998	1	94
725	8.0342	552.037006853804	0.0370068538044279	146602	1	93
662	7.91653333333333	574.99490088364	0.994900883639843	158732	1	92
726	8.03553333333333	574.994946852702	0.99494685270156	292661	1	94
757	8.09351666666667	574.995019768921	0.995019768921452	85840	1	90
694	7.9762	574.995452228431	0.995452228430622	329832	1	94
563	7.19325	598.787667530789	0.787667530788895	3631	1	57
1012	9.17578333333333	598.852779950318	0.852779950318336	3511	1	24
794	8.16735	612.799910288482	0.799910288482238	3880	1	64
758	8.09485	614.987654920262	0.987654920261662	15289	1	72
666	7.9262	619.021137060649	0.0211370606489254	103889	1	91
740	8.06251666666667	619.021374279327	0.0213742793270058	89873	1	90
705	7.9992	619.023323687178	0.0233236871779354	122392	1	92
731	8.04635	633.037303953408	0.0373039534083546	550514	1	95
667	7.92753333333333	633.037687866034	0.0376878660342754	567113	1	95
697	7.98436666666667	633.038198776633	0.0381987766328393	1300679	1	96
764	8.10701666666667	633.03875079732	0.0387507973198353	16418	1	71
163	1.02898333333333	634.029033111475	0.0290331114748597	7871	1	82
698	7.9857	634.041806533224	0.0418065332239621	241885	1	93
663	7.91786666666667	656.998491673236	0.998491673236344	166950	1	91
759	8.09618333333333	656.998915578885	0.998915578884748	52465	1	86
727	8.03686666666667	656.999185765885	0.999185765884931	305640	1	93
695	7.97753333333333	656.999306202022	0.999306202021899	391441	1	94
193	1.08515	662.477583251069	0.477583251068836	16879	1	73
386	3.21566666666667	662.479982574691	0.47998257469078	5448	1	79
267	1.35546666666667	666.633318149807	0.633318149806769	2259	1	28
194	1.08648333333333	674.479570454621	0.479570454620557	12607	1	55
548	6.69095	680.053072653866	0.0530726538655699	1624	1	64
1287	19.8094166666667	681.53053369761	0.530533697610167	1254	1	10
195	1.08781666666667	688.494053476714	0.494053476714271	11465	1	69
1013	9.17978333333333	696.085656569808	0.0856565698077247	14327	1	84
1065	9.75025	697.067889508136	0.0678895081355222	3388	1	69
906	8.84163333333333	697.068174919437	0.0681749194365011	11750	1	82
959	9.00246666666667	697.069207716209	0.0692077162085525	46846	1	86
924	8.9138	698.070836796748	0.0708367967483809	6193	1	75
960	9.00378333333333	698.072383885971	0.0723838859709076	11979	1	70
990	9.10061666666667	699.077167473918	0.0771674739180526	3721	1	42
741	8.06385	701.025065482709	0.0250654827091239	76446	1	87
674	7.94103333333333	701.025841389025	0.0258413890254587	102121	1	90
706	8.00053333333333	701.026833759618	0.0268337596177162	118472	1	91
505	5.99116666666667	701.038516652094	0.0385166520936764	1765	1	56
375	3.11885	702.511048861718	0.511048861718109	7117	1	82
383	3.17751666666667	702.511186110002	0.511186110001631	43656	1	90
183	1.06365	702.511266317342	0.511266317341665	46547	1	87
214	1.12115	702.511346660446	0.511346660446065	18028	1	81
388	3.26166666666667	703.514570734864	0.514570734864492	9225	1	80
384	3.18285	703.515462998394	0.5154629983939	19961	1	86
215	1.12248333333333	703.515598825492	0.515598825491793	7922	1	72
1072	9.78475	713.062854977443	0.062854977442953	4496	1	66
951	8.98763333333333	713.063156157185	0.0631561571846078	16537	1	69
927	8.92446666666667	713.063528865226	0.0635288652255213	8567	1	59
991	9.10195	713.066239473917	0.066239473916653	21093	1	74
1016	9.19861666666667	713.102579363483	0.102579363482619	34739	1	86
977	9.04945	713.105175774704	0.10517577470398	13762	1	70
1073	9.79008333333333	714.09330925805	0.093309258049544	15197	1	85
732	8.04768333333333	715.040816116429	0.0408161164293688	391200	1	94
668	7.92886666666667	715.041360112614	0.0413601126140293	448314	1	94
699	7.98703333333333	715.041868164556	0.0418681645563765	1091202	1	96
869	8.62615	715.079408682475	0.0794086824753322	4079	1	76
1055	9.57943333333333	715.079930081254	0.0799300812536785	22053	1	87
928	8.9258	715.080040470006	0.0800404700062245	200236	1	92
952	8.98896666666667	715.080489575417	0.0804895754167774	343977	1	93
1056	9.58341666666667	715.110958198939	0.110958198939102	20430	1	88
895	8.8123	715.115317123634	0.115317123633986	41565	1	89
700	7.98836666666667	716.045800268825	0.0458002688246779	214332	1	92
896	8.81496666666667	716.081820055036	0.0818200550364736	10298	1	78
929	8.92713333333333	716.083175273505	0.0831752735051623	48941	1	84
953	8.9903	716.083731565313	0.0837315653127462	71144	1	87
1063	9.73956666666667	716.084202851681	0.0842028516814253	8530	1	79
381	3.16285	716.523113187158	0.523113187158401	4237	1	65
196	1.08915	716.52398993322	0.523989933220264	13649	1	52
978	9.05078333333333	717.083910556862	0.083910556862179	17049	1	72
911	8.86963333333333	717.085816065365	0.0858160653652931	8005	1	75
954	8.99161666666667	717.08661148644	0.0866114864397787	20199	1	75
999	9.12195	718.086398511637	0.0863985116365029	5516	1	57
164	1.03031666666667	719.493184727897	0.493184727897187	16565	1	62
765	8.10835	724.986415844997	0.986415844996941	6819	1	49
188	1.07448333333333	730.544538112553	0.5445381125528	20808	1	75
376	3.12418333333333	730.544888488187	0.544888488187325	10615	1	79
1000	9.12461666666667	731.072263447023	0.0722634470231469	10329	1	73
964	9.01711666666667	731.073230699299	0.073230699299188	6627	1	73
157	1.01698333333333	733.506272874382	0.506272874382489	145397	1	86
189	1.07581666666667	733.507343000239	0.50734300023862	14570	1	55
158	1.01831666666667	734.516100620863	0.516100620862858	74837	1	79
879	8.68531666666667	737.059702207105	0.0597022071045785	4275	1	52
888	8.7563	737.060613628435	0.0606136284353624	7374	1	70
920	8.8883	737.061795394843	0.0617953948425338	18035	1	67
1071	9.7754	737.062126194513	0.0621261945125298	8288	1	62
903	8.82963333333333	737.063054822633	0.0630548226329211	14253	1	73
701	7.9897	739.002438777891	0.00243877789068847	462444	1	93
733	8.04901666666667	739.002498980004	0.00249898000424764	251052	1	92
669	7.9302	739.003313721693	0.00331372169296174	288418	1	93
939	8.96196666666667	739.023913032796	0.0239130327964858	4547	1	41
1006	9.15428333333333	739.026230602491	0.0262306024914096	5613	1	32
382	3.16818333333333	742.542209508604	0.542209508604174	4656	1	72
197	1.09048333333333	742.546258395804	0.546258395803989	12918	1	63
198	1.09181666666667	743.556974767834	0.556974767834049	8348	1	44
165	1.03165	745.503507053203	0.503507053203407	13886	1	60
166	1.03298333333333	747.518053894104	0.518053894104355	22104	1	55
930	8.9298	757.037164057789	0.0371640577893686	7987	1	57
961	9.00511666666667	758.98651787525	0.986517875249547	15963	1	59
992	9.10328333333333	758.990936369323	0.990936369323435	19054	1	64
889	8.77098333333333	759.040307968742	0.0403079687423542	4652	1	56
912	8.87363333333333	759.044396024931	0.0443960249310749	8501	1	59
1009	9.16361666666667	759.988473519263	0.988473519262925	6063	1	51
159	1.01965	761.538314419921	0.538314419920766	126482	1	83
190	1.07715	761.539480151132	0.53948015113167	9056	1	44
1014	9.18378333333333	774.063186394419	0.063186394418949	13500	1	65
167	1.03431666666667	774.546371101924	0.546371101924365	11513	1	43
944	8.9728	775.046241361447	0.0462413614474144	32641	1	70
969	9.0333	775.047077827609	0.0470778276090869	34176	1	76
1066	9.75425	775.04813024158	0.0481302415802247	6667	1	58
925	8.9178	775.050827121459	0.0508271214588376	23172	1	77
945	8.97413333333333	776.047274794138	0.0472747941375928	14472	1	55
970	9.03596666666667	776.050970335701	0.0509703357006401	13513	1	63
880	8.68798333333333	776.990961030495	0.990961030494873	3806	1	62
907	8.8443	776.997301856844	0.997301856843819	7732	1	68
993	9.10461666666667	776.997643071107	0.99764307110695	47738	1	80
994	9.10595	778.004787212069	0.0047872120694592	19322	1	67
1010	9.16628333333333	779.996765118783	0.996765118783287	9652	1	65
946	8.9768	779.99754988004	0.997549880040083	3624	1	44
199	1.09315	782.43682708685	0.43682708685003	14209	1	77
191	1.07848333333333	786.471043948378	0.47104394837811	13090	1	75
1025	9.28243333333333	791.039509807977	0.0395098079766285	2069	1	42
670	7.93153333333333	797.044025370185	0.0440253701847269	257886	1	92
702	7.99101666666667	797.044637016946	0.0446370169456713	563235	1	94
734	8.05035	797.044878517636	0.0448785176362207	191915	1	90
459	4.31343333333333	804.887459517679	0.887459517678508	2401	1	72
205	1.10515	806.414106939265	0.414106939264684	2036	1	12
206	1.10648333333333	812.453073452901	0.453073452900981	3154	1	45
1028	9.32176666666667	817.000660827455	0.000660827455476465	2531	1	47
766	8.10968333333333	821.00348657166	0.00348657165966415	10319	1	58
735	8.05168333333333	821.005961222702	0.00596122270246724	198675	1	91
671	7.93286666666667	821.006087296667	0.00608729666669205	271415	1	92
703	7.99235	821.006959768035	0.0069597680347897	438218	1	94
795	8.17001666666667	824.726260736503	0.726260736503036	2543	1	9
207	1.10781666666667	826.44491811047	0.444918110469757	2510	1	25
995	9.10728333333333	836.964720675802	0.9647206758018	6677	1	34
1011	9.16895	838.959583737933	0.959583737932803	7680	1	52
996	9.10995	838.967477452905	0.967477452905428	9329	1	56
767	8.11101666666667	844.969992741957	0.969992741957299	6678	1	51
742	8.06518333333333	879.047367372354	0.0473673723540742	69975	1	84
675	7.94236666666667	879.048195716198	0.0481957161982791	233251	1	91
707	8.00186666666667	879.049158374946	0.0491583749462734	325180	1	92
676	7.9437	903.009793247536	0.00979324753575384	323204	1	92
708	8.00318333333333	903.010102112953	0.0101021129530636	389966	1	93
743	8.06651666666667	903.010312963542	0.0103129635417645	84891	1	86
709	8.00451666666667	961.052064032461	0.0520640324613169	219753	1	91
677	7.94503333333333	961.053568272964	0.0535682729637301	182863	1	90
678	7.94636666666667	985.013724375175	0.013724375174661	252875	1	91
710	8.00585	985.014244863802	0.0142448638024462	304597	1	91
679	7.9477	1067.01720364787	0.0172036478732025	191084	1	89
711	8.00718333333333	1067.01889187329	0.0188918732892489	212571	1	89
1026	9.2971	1073.12373762562	0.123737625618332	5716	1	86
965	9.02111666666667	1073.12520032836	0.125200328358233	3652	1	81
962	9.00645	1095.1073797952	0.107379795201268	9156	1	70
931	8.93246666666667	1117.09118782533	0.0911878253300529	6870	1	37
